223024976
221918095
222188562
223292502
223391814
223657241
223832448
224572852
224591870
223605720
222526649
222536384
222561421
222578596
222591465
224374908
224696142
224745763
224949112
224956919
221232057
221232069
224023119
223684289
223864783
221652136
222763489
222763495
223420249
223420257
219203846
223785389
223785406
223438987
224137998
224138008
224660973
224660977
223083752
222022029
222387913
223030898
223705320
223539363
223559406
215912787
221978375
222903104
222940027
220802618
222999789
223040093
222754192
223304876
223307455
223687423
223708016
223719137
223677804
223765658
223826743
223839504
224000466
224007209
224012000
224018456
224110087
224164680
224363804
224430992
224438095
224722378
224800503
224827587
221855535
223197364
222209171
223204823
221052848
223275941
223964691
223964866
222634106
220213409
223499902
223711395
223555464
223880443
223883690
224862852
224042939
221439769
222792765
224090987
224117713
224117752
222388417
222518973
222598279
221829956
221829970
222073174
223048640
222122552
222123342
223088234
222142013
222144710
222144729
222011514
222011521
222085415
223118070
223116110
221774970
223056489
223138486
223103818
223103804
221479972
222064698
223166935
223167019
223103772
222142078
223441642
223212308
223212329
223466584
223485798
223485812
223173830
223453040
223149880
223149854
223493579
223493588
223469598
223496703
223547652
223547754
222617194
223467210
223493347
223619445
223584984
223880631
223875526
223875531
223596177
223596183
223889083
223880884
223644268
223644253
223898096
223898234
223900019
223913869
223913876
223933845
223933848
223957030
223957033
223863012
223992909
224009285
224020059
223958289
223967539
224039769
224039789
222092897
224239835
224262236
224253987
224255879
222093107
224326542
223897761
223857119
223869209
224035375
224035578
224308760
224006649
224326240
224326772
224347582
224277504
224364294
224327145
224369637
224406499
216611091
220927609
221717851
223399003
223161868
223408302
223541339
223123975
223524267
222765616
219786472
223877222
224158821
223055198
223837918
224254548
224306154
224327765
216941151
224506248
224155952
224205148
215425532
215425289
222128466
219718501
221018321
222506423
222757266
167450483
222886529
222888507
223625867
224002123
224267188
224269231
222443474
222513469
223243454
224220577
224365034
222109838
222109791
217511887
214300744
222934854
223175076
224140886
221357839
223532684
223896242
224252630
224337380
222286927
222468469
222479725
222528691
222667430
222696781
222697545
222708959
223934963
223935502
223062958
220797496
223413058
221616053
218134810
223080572
223082047
223695808
218135312
223875929
223950658
223984929
222468647
222469502
222471837
222581376
222572869
222645451
222002821
223964328
220586373
222644307
222669324
223394426
219559369
223398341
