205672076
206854456
208465188
207435328
206272942
206549330
206549306
203441079
206549282
206943657
206944880
207045952
206957295
206406403
206110519
206458054
206458058
206490199
206490201
206501297
206501293
206636819
206636803
206791090
206791114
206872543
206872550
207324015
207324027
205775353
208022763
192390779
204583444
206545451
206545614
204942365
206501542
206687768
206954027
206439817
205246734
201462464
206544447
206964326
206568573
206568666
207095327
207373509
207295203
207295301
207700946
208197767
208315751
208381829
208391217
189487198
208277892
208763104
205770680
207927259
206075910
206181930
206187039
206521273
206234658
206569092
206548950
206586276
206231928
206592346
206587541
206587550
206617441
206617431
206615950
206634238
206622876
206623498
206637190
206582906
206646003
206679313
206675084
206690253
206895349
206665604
206665637
206681520
206664043
206913410
206918046
206914850
206683082
206683164
206946705
206933317
206935242
206982610
206961438
206973766
206937139
206957183
206965093
206984870
206984881
206988983
206991519
206991538
206993367
207004575
206935989
207018185
207017688
206833909
207131244
207043050
207043067
206636598
206636661
207095025
207299099
207291591
207291830
207304768
207307583
207200606
207069101
207308071
207039536
207067018
207338348
207339741
207343558
207355267
207393013
207358664
207408803
207414632
207419176
207484893
207426573
207691021
207855443
207858061
207860049
207867049
207415817
207413019
207428720
208162081
208129447
208168350
208168366
208198003
208121581
208228753
208191636
208241932
208522003
208522008
207816301
208630675
208659842
208659894
205999673
206472580
204214060
206691506
206664514
206129120
206747711
204756377
206986753
207160092
208140448
208125503
206488939
206263544
206317319
205516984
206564536
206029208
206614101
207343578
205980482
206437144
207832116
188784274
206575406
206983255
207100553
207176061
207203151
207175864
207203151
206755513
207078286
207152287
207267417
207252068
206982253
202395361
204567691
207361743
208140414
207020109
207236658
206048401
206438606
206851755
207561899
207563891
207843390
207860030
206764404
202380122
200684926
207686608
206498800
206559023
208454919
207142809
206958105
207144848
207283255
201146728
208012505
