buildid
197441810
198230535
199135301
199396786
199451321
199451325
199953586
200111447
200174113
200429403
200684926
200927122
200939496
201023267
201025647
201135063
201392211
201438867
201568749
201487601
201566738
201535624
201564948
201723017
201606307
201600068
201609694
201601732
201661269
201875023
201780512
201748115
201776387
201750218
202104976
201873488
201913224
201892644
201999021
201965771
201963321
201962124
201989451
201960860
202042710
202046811
202078002
203772149
203850948
203892872
203995889
203999717
204017904
202737419
202802464
202730405
204351050
204502226
204425785
204272289
204421808
204431933
204663710
204778649
204767167
204778655
204769407
204736254
204736656
205097552
204702615
204777117
204770682
204781900
204839369
204816771
204888594
204999434
204993745
204992328
205118562
205130584
205118260
205408027
205266193
205504490
205688414
205779638
205895224
205819020
205814069
205878182
205887744
205866781
206040693
205929383
205988374
206018795
206086696
206114649
206471121
206527260
206506937
206198117
206528869
206558218
206191789
206546481
206583704
206588528
206589590
206562776
206586222
206675672
206806909
206801781
206812263
206786041
206845605
206749127
206877681
206808224
207083433
207084610
207083701
207103697
207113624
206668420
207290372
207292411
207321686
207476060
207558488
207556926
207694348
207708816
207873249
207942835
207997163
208039354
208017499
208224009
208203777
208350139
208620208
208620216
208811211
208704498
208752735
208787855
209000784
208879893
208892704
208870916
209195702
208925904
208942133
209039647
209017212
209263287
209308779
209263273
209304084
210555510
210633258
210713028
210754629
210726930
210761639
210804626
210805532
210865848
210933751
211307411
211404281
211534885
211592325
211652635
211733071
212113649
212287019
212174335
212128207
212379223
212387336
212405699
212402450
212456910
212420234
212487687
212484335
212497487
212530362
212523060
212520468
212680154
212735000
212722232
212758667
212758145
212757009
212844989
212836395
212862848
212882724
212892296
212902684
212987619
213312565
213325222
213325036
213324164
213508492
213509159
213708702
213778603
213740948
213733347
213736630
213836438
213802631
199527447
203958007
203961440
203989986
204226527
210679328
210929340
211026742
212282420
212295250
213915849
213855785
213927800
213919294
213874553
213948304
211350341
205754176
205752690
205785487
205800623
205827809
205833740
206994630
213926707
213894506
207295578
214044920
214095236
207310381
207318876
207366369
207400470
207514228
207517694
214130454
207566348
214124525
214098527
207793285
208162850
208214763
208253389
208371797
208406614
208523954
208667802
208676508
214167991
208687642
208888147
214245028
214245354
214200129
214200235
214229441
214223924
211877518
212045998
212262557
212318624
212438165
212707241
212731211
214290771
214236106
214246877
214282504
212739510
214292351
214205676
214201987
212741194
214285660
212790888
214293689
214294948
214295472
214294878
214325242
212849220
212909730
212914673
212918626
212919536
212962226
213365106
213478036
213632793
213661024
214347838
214476603
214489180
214521263
214539658
214534639
214620515
214620522
214575414
214599504
214657176
214652746
214638245
214646486
214593738
214711913
214682299
214684324
214708772
214678444
214817861
215491482
215479690
215498100
215567385
215575588
215575817
215596126
215575985
215578261
215637893
215738952
215761434
215762580
215752779
215740801
215744266
215744575
215717843
215797982
215862224
215824528
215824541
215873559
215852987
215900302
215961117
215966039
215989713
215966210
216045494
216045602
216044989
216047038
216156961
216180260
216183914
217975415
218009397
218003845
218024224
218079996
218093406
218106615
218114808
218177146
218133029
218198162
218167397
218182547
218236730
218182185
218229575
218229764
218160785
217776202
218201999
218203267
218311217
218309782
218350629
218391419
218438135
218440709
218423127
218515282
218503227
218604174
218634143
218562370
218584041
218594569
218591760
218611145
218614866
218725215
218802590
197173026
197100686
197826262
198091261
198193364
198196373
198760913
198857007
198771717
199432889
199447388
199448015
199448425
199449654
199703093
199753661
200286636
199961016
199974578
200517719
200424338
200621714
200613051
200858737
200850115
200833426
200858739
200860402
200860406
200860461
200891251
200891298
200860833
201063847
201060289
201071460
198243545
201293471
201296242
201296689
201297218
201299927
201300351
201300816
204279499
204343405
204657586
204965907
204995554
205076388
205121760
205154143
205301119
205312984
205029529
205315975
201047281
204655392
204654542
205934061
205944266
206048777
206815665
206959707
206960202
207002875
207040746
207041820
207292294
207311716
206904221
207421998
206943511
207423770
206957331
206957728
207434728
207620351
207584991
207624331
207624713
207453020
207695632
207808057
207901272
207937311
207948805
207941968
208016303
207780002
208232255
208105423
208231681
208238279
205765891
208517391
208527817
208537959
208877008
208866017
208908737
208912166
208927972
208959341
208974979
209105212
208881820
209271671
208881850
209191476
209276461
211222757
210859005
211368721
211266406
211389796
211388201
211435901
211498739
211418155
211528054
211541773
211561412
211569650
211615298
211616270
211616360
211616519
211642684
211612451
211649924
211749744
211752018
211809122
211756914
211759795
211998538
212270058
212278874
212308648
212340152
212309585
212348955
212347844
197828175
198185035
199330727
199471789
200177873
201014883
202346484
205752074
207368845
207368884
207492048
208260416
211518095
222105453
222094763
222132544
211577154
211716253
211730691
211577386
212352228
222198902
222201792
215526713
215658461
222158964
215755170
222233800
222236958
222231502
218241538
222237095
218400548
222240446
218884446
218932172
219018167
222267655
222275113
219023049
219043169
219064697
219139280
222299143
222313001
222316400
219177921
219260439
219372446
219459358
219481565
219484346
219554823
219567646
222317839
222336217
222378476
222392502
222354908
222423883
222427045
222429841
222468647
222541852
222549330
222547201
222524769
222562596
222591705
222593767
222577129
222601706
222622322
222622726
222737077
222715447
222715892
222722657
222733934
222733083
222733122
222763489
222747306
222777791
222756190
222751971
222755069
222757039
222771607
222770013
222774843
222788962
222796694
222832197
222849670
222859152
222803310
222817248
222823378
222868984
222917889
222921729
222889328
222899641
222931924
222944553
222941724
222942306
222943687
222944456
222946137
222950116
222962854
222965307
222975919
223051466
223049972
223039125
223062855
223080557
223077972
223100165
223120675
223122050
223109463
223102107
223099896
223102102
223121809
223133030
223097269
223106342
223129033
223111951
223204823
223226800
223208940
223160000
223162183
223174166
223167325
223328603
223271295
223257443
223299813
223297789
223314291
223320869
223302438
223286564
223302759
223306467
223310305
223321787
223299113
223379598
223336082
223380340
223399003
223397692
223397217
223438169
223457302
223457762
223480432
223550767
223488994
223524267
223524805
223548341
223490024
223512482
223566724
223605305
223489399
223607933
223512493
223612152
223616198
223512587
223662417
223627433
223716672
223702449
223729435
223694874
223763638
223661417
223683916
223684715
223683951
223684726
223765205
223684653
223810003
223817236
223795570
223882341
223837918
223867037
223887505
223889558
223884385
223844750
223910315
223885109
223911297
223923338
223934758
223948125
223957249
223957389
223895985
223935147
224031290
224013087
223997652
223985644
224044510
224126745
224135422
224365028
224380953
224383532
224362839
224428593
224430231
224408978
224442058
224566269
224602844
224669555
224695345
224702919
224688754
224713549
224693197
224696142
224764231
224757514
224785248
224785558
224866503
224909389
224871868
224911538
224952187
225006351
224989743
225001640
225012908
225035148
225063488
225103541
225114859
225114895
225203578
225172717
225182615
225141221
225158127
225178376
225192787
225256420
225223603
225207761
225216412
225288163
225293964
225315125
225350466
225327531
225383107
225384789
225393506
225484882
225474130
225450691
225460744
225517394
225484049
225499980
225553140
225544646
225553818
225554769
225554824
225563060
225568222
225601471
225601993
225530084
225582170
225580626
225702092
225689381
225702132
225703855
225657165
225639734
225698575
225616711
225620391
225670604
225672746
225632960
225693258
225682817
225688066
225618051
225721607
225706263
225732846
225693994
225745774
225725747
225738780
225759986
225760010
225568728
225833579
225827439
225809210
225808381
225789183
225826970
225826008
225830696
225831029
225832427
225838849
225846327
225697769
225851921
225853870
225878386
225916768
225927142
225918541
225941830
225983105
225962414
225977866
225978143
225978562
226018194
226016377
226043147
226080945
226088933
226097775
226106747
226126724
226273719
226288922
226278428
226283429
226396708
226404264
226421375
226451868
226460234
226539342
226560912
226569173
226602181
226595875
226582092
226566086
226771869
226815294
226817632
226759041
226782387
226763699
226907092
226907148
226841505
226868435
226822261
226872187
226893476
226817584
226884583
226910565
226971414
226957976
226957668
226875297
226885302
226925585
226907097
226913127
226822512
228377155
228377278
229506475
229507452
229898264
230790989
230724023
230959542
231259233
231338984
231933996
231935619
231946981
232995451
234024606
234024863
234037476
234037524
234045112
234045130
234880594
235001072
235193272
235194016
235279396
235449528
235642835
237408372
237408394
237831675
237983869
237984355
237984401
237984933
237984941
237986351
237986370
238134264
238304968
238619730
239858004
239874982
240414011
240480068
240428208
241090309
241367895
241428378
241447839
241721545
241893173
241893190
241902354
241901330
241904887
247230107
247446579
247446593
247952974
247953225
248355724
248359912
248389984
248389999
248405302
248409501
248414127
248414397
248431108
248523729
248523742
248525152
248525176
248542125
248542137
248549205
248549246
248713565
248711277
248712171
248713586
248738875
248738888
248768171
248725438
248757270
248770898
248822709
248822788
249533623
249639923
249834495
249950056
249950046
250325050
250442571
250442579
251349684
251963110
252443987
252365894
252952498
252988417
253086828
253086836
253283118
253026489
253371344
253628165
253633341
254063656
254215834
254818043
254818364
255184003
255184009
255250568
255250584
255281910
255281940
256920468
263558526
264558638
264702957
265122306
265251432
258044169
258044178
258177738
258146491
265733703
265733753
258495632
266223945
259520680
267064515
267146422
267131713
267180905
267181043
267196845
267283584
267511996
267517946
267512104
267582632
267582769
267564099
267582939
267638644
267644418
267639052
267720098
267951757
268297931
268359056
268358989
267964109
269136059
269136100
269326203
269368630
269373985
269382895
269362207
269804071
269822967
269782334
270087081
270577618
270809240
270809090
271062772
271057303
260331574
260174294
260174556
271677642
260512760
260512766
260517671
260517806
260775965
260705123
260976374
261914602
262044061
262358295
262362935
262747642
263877867
263884700
278770625
278769188
278907173
278964470
281427271
283282700
283358747
284303799
284469341
285187242
286743581
286813791
286839242
287196419
287205096
284241156
287308226
288804858
289761373
290137918
291352237
291411350
297687079
298218052
298224248
298502992
303928701
304058160
304883305
305838475
305835053
310892770
311163258
311258089
311322624
311662736
323352168
197700758
202449889
204359467
204360212
205516306
206548828
206797305
206837243
208808780
208754954
212868430
199372870
213887636
214059741
205995661
214237272
214260519
214291109
214539417
214595950
214599065
214528872
214601723
218716731
218812031
197341230
197679148
197848897
197858209
199500673
199766699
205070881
205194074
205792021
205813984
209028291
212142060
218822836
218887888
218910499
219110467
219154203
219449950
226358266
226368261
226385470
234839373
235358003
239304084
239618218
240465706
240497687
240497533
240444519
240760996
240538276
240718816
240819832
240502653
240795881
241333847
241603097
241603110
241603791
241718430
241726702
241706692
241707944
241743411
241714969
241730177
241855314
241836547
241734099
241895272
248805190
251980449
252491718
265514845
265909563
266225444
266666727
259221404
259221977
259061532
259061039
259289414
259295413
258334205
271026073
271026312
260169863
260332941
273678527
261486323
273681879
261968062
262016932
262384368
262614025
262605502
262852670
262848216
263515636
263524713
263852170
263310951
263519743
279530161
289367551
289375501
291078184
291288165
296762164
296762183
303591699
305488202
305463661
313000832
314260919
314260923
317811803
322695776
322697561
322887527
320655070
