202745229
204307618
201990433
200262183
202342789
202373360
202706707
202841109
202699046
202990832
202160082
203356889
203596347
203784202
201723017
202043506
202054485
198010173
202100237
202416298
203900664
203945664
204003139
204021454
204263997
204353378
204379228
204404844
202408000
204673639
204715499
203994313
202030062
202048919
202049713
202357980
202410896
202446536
202449117
202452229
202482867
202515157
202688177
202688423
202690117
202835892
202867731
204063175
201950875
202578143
203466325
203617245
203746577
203773038
203367182
187435707
203824481
203833897
204398707
202252063
202934778
202940199
202940504
203162577
203235276
203161389
203667802
203452992
203804345
203804387
204105559
204171115
204171309
204223726
204261779
202574920
204565938
203767009
204585518
204609688
194754120
201365784
203501826
199034129
201245390
201838444
201871387
199652770
201751764
201115843
201936537
201936509
201913224
201996298
201996363
203126821
203409624
203409657
203464489
203464454
203136422
203136409
203790898
203808057
202273445
204180495
204145116
204220729
204242919
203251564
203850408
203853930
203855042
203856400
203858276
203865632
203866334
203866447
204127402
202247795
201826030
203729904
203730447
203707869
203894106
204010858
201959712
202063200
203771982
204529456
202182357
202182338
201960266
201960284
202228183
202189465
202189482
202185215
202185185
202272786
202272815
201575835
201575885
202299081
202299105
202181769
202560962
202328458
202564146
202328474
202548784
202548799
202650719
202650731
202571439
202571455
202306025
202306039
202560962
202668186
202560962
202671306
202671323
202699133
202699197
202560962
202722295
202722324
203366000
203379382
201198120
203379382
203379382
203486647
203379382
203513787
203379382
201552038
203737418
203737527
203515614
203515628
203379382
203745388
203745388
203748695
203745388
203749137
203745388
203754246
203755912
203822939
203822973
203745388
203745388
203871112
202704454
202704466
203745388
203915066
203908380
203908413
203931669
203935927
203935962
203745388
203948973
203948997
203894203
203894282
204108437
204108457
203745388
204129245
204129245
204208018
204129245
204214646
204214667
204129245
204255782
204262466
204319185
204322716
204322728
204304399
204129245
204524452
204524469
203900519
203902336
204603418
204603387
204525501
204574237
204574595
204525501
204640371
204525883
204525449
204660871
204661119
204652348
204652330
204525501
202441823
201260707
202186338
202015521
202197896
202203346
202043593
187300790
202360124
202361915
201592898
202272833
202629103
202723296
202723302
201223417
201291090
202691758
201229321
202730401
202739790
202777861
202568969
202568983
202971475
202803266
202803529
203789462
203789468
203968124
202795750
204508274
204635729
202731595
202758253
204332430
204695174
204747368
198618865
199671833
202295807
194941227
203609361
199758352
197387406
203615260
