199633456
199999011
200407633
200508938
201639206
185271585
199059968
199735205
199817382
199858688
200216826
200330513
201226695
200093503
201287293
201311860
201314410
201314635
201589280
201304343
201589696
201653239
201654512
201735417
199064475
199500673
199754715
200177404
200189599
200189823
200193006
200210195
200225302
200390575
200391366
200481654
200496994
200529830
201311468
201316320
201330399
201351001
201352995
201664795
201694910
201697228
201704525
201904031
201977131
202030062
202048919
199680765
199322499
198798884
199423386
199685167
199762364
199686285
199923787
198189276
201820727
201825643
201834050
201840986
201460395
201929049
201952969
201952741
199679819
199791977
199794955
199795590
200452390
200461058
200900680
201184105
201270018
199951742
200424338
200467193
200880483
199112818
199949742
200260720
197255189
197255134
197255222
200891251
200860461
200020081
200261596
201337661
201052754
201043531
201195178
200049715
197537634
197537646
194671227
194671266
199089667
200214754
200218410
200218414
194692987
194692993
199631746
199652782
199631676
199695160
201130757
201512535
201553031
201595501
201751753
201806967
198592132
200940665
199301894
198791966
199453794
199844746
199949355
200396979
200771070
199837468
199766014
200621714
201092454
201887270
199298175
199693918
199550818
200073131
199666596
199683456
200080400
200081024
200419649
200419730
200414482
201077704
201077716
201078585
201078603
201085906
201085941
201066620
201125345
201125366
201121229
201095977
201095987
201160134
201072029
201161285
201161293
201084104
201084096
201183313
201183266
201187704
201072029
201445426
201175439
201192570
201523404
201573578
201574301
201450891
201453552
201864374
201865992
201866012
199307847
199945370
199949410
187262577
187262814
199912335
199912772
196377493
196377681
193131490
199943954
199943959
200204538
200204557
200275879
200275894
199599708
199599729
199806810
197482046
199344989
200420187
200420295
200403072
200626617
200634537
200363474
200370195
200892752
200398908
200399643
200435655
201213895
201194057
201258388
201276983
201291035
193713037
193713062
201523053
201523045
201307034
201525639
199982228
201986452
201527347
202025958
202026068
200982589
201540742
201546808
