194613146
194310185
195416109
195673213
196360423
196584522
196734502
195145163
196461352
196587222
196643119
196705998
195791816
196930364
194627463
195412217
195045134
195653866
195910395
194375544
194644128
196585826
194600570
194877036
194938860
195006005
195012344
195071590
195266021
195610812
195941342
189274584
195670381
195421659
194424194
195698188
195838531
195297762
196040666
196031196
196106506
196112495
181276313
196114038
196138143
196158750
196191403
196400928
196677192
196696604
195993549
196972799
196192150
196992494
196999126
197002904
195930817
197003458
194558178
195166660
195318572
195339382
193923995
194206949
195783428
194383753
195222559
195222522
195161878
181987939
195966871
196689004
194634321
194634323
194692329
194692331
193563556
195000870
195032383
195032406
195062603
195713521
193786862
194685959
194818428
194102914
194925462
195497625
195134858
193391519
195589498
196575704
196918245
193596108
195382279
195685007
195709566
196171030
196380464
193766687
196430488
194029057
194722574
151201404
195432488
195422086
195701016
195915422
196167592
197087400
194408280
194546362
194546330
194760624
194760636
194758510
194758640
194776524
194755492
194829603
194830615
193111848
194885445
194877756
193112520
194898247
194755492
194886975
194755492
195113025
194899969
194899981
194894489
195099969
195123739
195113025
195131565
195113025
195113025
195472492
195489654
195472492
195575423
195576547
195472492
195472492
195805482
195472492
195623408
195813257
195815167
195623747
195933811
195933796
195813257
195938744
195938712
196620073
196682530
196682561
196873643
196873670
196524366
196875367
196874378
196874390
196875045
196875073
196898679
196898689
196901475
196901489
196907413
196608080
196965588
196884317
196884317
196986148
196884317
194746327
189413867
195182075
195182228
195182241
195219340
195230815
195198249
195260397
195260410
195490773
195250665
195594138
195594144
195864569
195546353
196194832
196368917
196195790
196375555
196384033
196384045
196392901
196594033
193966562
195458689
191034593
191021914
