188101852
188605178
188341148
188615729
188905746
188948065
189015258
188406439
188430918
188557105
184579261
188593319
188663002
188707730
188650314
188939211
189264824
189282882
185836306
189013462
189322963
188558107
182415202
189382866
189587688
186860137
188712276
189039689
189616558
189665018
189693543
187970337
188720733
188958428
188993641
189700762
189734287
189734425
189734498
187524639
185862109
188255266
188307236
188335286
188353247
188572894
188590279
188966958
189136975
189211568
189275284
189285753
189312004
189510611
189622759
189664189
189768764
173331477
188050417
188190829
188845896
189056429
189081878
189526777
189830883
186034993
188206228
188206201
188143873
188154166
188334021
188714148
187791266
188742267
188743451
188746388
188746398
188722977
188722980
188392391
188788642
188788648
189037053
187807657
189133010
189467136
189467140
189479148
189479171
189652314
189701852
189331628
189088475
189636833
186343302
188474521
188825249
186332119
189083785
189470335
188564454
188881475
189249313
188480142
188469600
188513782
188513793
188469600
188871428
188871693
188792860
188900054
189183982
189118262
188879628
188879586
189241363
189241344
189121859
189122028
189118262
189118262
189262981
189263087
188706266
188712393
188712024
189004571
189025088
186441527
187763309
189590201
188603951
186044333
187714720
187714730
188818664
188818691
188815743
188815749
187110571
188328867
188419268
188419499
188702757
