216311978
213480051
217546020
217859935
217967919
218531711
215126513
217279392
216753661
217228037
216135726
216135794
218512171
218602211
218235385
218235372
218579395
164967069
218970410
218970388
219791471
219809706
219813766
215623351
200376577
200376563
208499827
217958979
217983159
217983167
218058095
217959069
218086942
218009309
218061289
218117804
218089993
218354430
218369833
218361690
218130993
218407230
218129251
218488120
218490348
218488089
218901792
218902034
217760569
218245465
215952865
215148278
218725112
218725215
210498098
213693048
214192474
210858667
220904830
219823931
217281416
220619175
220718670
220686387
220686568
220658440
220658505
221384100
221826826
219665448
219665455
219708311
219708489
220479386
220479424
218124477
220532593
218432082
216448698
220464411
220464418
220860917
220860947
220846185
215485975
220887666
220887246
220562740
220562754
220902734
220867458
220921021
220928167
220928171
220488090
220944604
220925462
220477412
219250521
220970612