210867927
210872173
210972830
210978302
210979389
211349525
211046864
211366581
211397199
211350359
209507888
209508016
209508117
209508217
211042827
211044005
209313742
210858561
208842349
230435204
208538689
209039338
210877770
230452299
230524406
230483634
230500000
230476037
230479380
230468945
230486306
230486665
230487240
230217541
230120461
230452880
230444030
230495318
230429590
230540617
230586919
230544434
230467763
230533822
212124821
212167725
210944524
211429552
211692901
212168880
230303079
230391293
230670268
230584139
230383624
230596237
213339165
213613058
213619691
213651192
213712896
212386514
213010434
213347227
213472213
214820590
213783679
215799179
214791287
214785137
215600196
216945954
217287516
215299301
213505137
213970039
213819241
212884109
214814648
214272353
214318614
214331820
230713475
230660097
230795637
230458843
230692148
230695503
230683736
230752192
230740834
230996296
230992340
230996621
230979825
230971882
230980145
230886282
230985231
230579727
230711228
230993305
230948272
230954175
216343119
216721619
218905667
219260531
217752212
219823320
219872089
218481586
218584512
218982578
220135519
222632562
217160056
221006324
223418795
223694809
221765566
220827127
217776444
223167925
223070800
218655419
223146182
224139463
223747869
214620621
225224426
219821187
222869387
226477120
226535399
223574466
214684434
214578382
215439811
215468568
222281739
227237663
225220189
215863283
215908564
224666528
224024705
215938591
225481467
215928165
225862698
216889875
219526656
219731451
217110531
217124866
217222825
217231823
217232424
216138979
219778117
216792045
218991858
216367278
219032628
217956633
226135156
219845580
217958790
225588738
226052519
225603068
217979685
225957506
230648550
218880950
220548650
230996957
220331794
226098065
226032280
226285123
226396384
231055723
218118215
226425176
226414017
230881111
226443626
226736971
219399677
231066687
226812212
226741904
219252211
219589106
226462845
228411534
219261428
219217731
219213689
219660685
219684346
219730784
231064301
230982600
217869765
231038446
231066288
217571205
231074602
231068687
217528692
220582952
218930595
218064462
220655609
225580011
225073281
217374034
219422931
225517394
218346212
225012646
225013038
219117254
220804726
219738713
221761020
221016424
220448762
220728465
220451331
220908727
220491236
220509942
220908970
220961340
220999854
221024375
221241806
221289156
221402024
221639724
198948003
221334407
199058265
222001577
198988247
221676157
222062118
219810122
220975478
220978162
222141258
222122252
222123813
196882705
221837959
222007497
219968115
219570917
220387989
222377955
213303844
221652136
223420257
223785406
222763495
224138008
224660977
223677804
222209171
222598279
223048640
223088234
223485812
223493588
223116110
223138486
223547754
223875531
223913876
223957033
224009285
224020059
224326542
222443474
205524692
209092974
210825471
209824537
211488044
210243560
202537744
202543632
202984529
202870831
203294899
203295854
204242838
203833033
204507018
198148752
197265132
197304566
197600518
197667236
197924079
198643512
198583464
198532709
198965481
199172459
198550934
204815638
204804211
204881146
204893845
204898771
197993045
205774929
205182110
206060228
205470557
205795160
205718342
205752721
204769175
205803195
199650687
205823279
205864614
204885281
204928914
204988211
205084841
199533904
199649461
199675397
199673322
199896433
199993661
200080009
200135812
200177524
200314023
200372554
200383596
200422608
200439626
200436910
201063114
200655018
201828231
201868023
201899721
202189528
202321614
202318593
202410183
202571738
202575374
202613128
202612835
202625840
202682415
203421987
203435591
203495532
203520384
204132248
204182938
203853092
203795820
203856868
204540916
203495375
203504981
203612277
201862568
204256822
204557493
189196913
189552183
188564835
188986902
188261539
188247413
188607929
188879534
188474452
188552037
188555941
188561552
188910085
189144094
189508395
188114393
192074839
190712278
192824300
190812775
193420941
193857976
193899773
194584669
193259439
192343006
194553434
192775967
190343995
190648576
194692346
194611186
194874176
195620441
185300229
196487263
196494853
190873171
190750811
190956251
191016381
191081876
191273592
191275827
191273237
190315831
190314568
190531499
190535412
191556140
191304230
191381307
191361543
190957416
190971844
191361967
191693297
191561657
190174715
190028125
189288116
191108158
191320810
191315238
189476254
194632262
194716700
194718622
194744054
194723222
194851302
194885738
195138014
195234073
195494987
195508952
195511433
195567547
195813339
195825575
195942389
196306343
196316458
196506603
196655660
197011777
197099860
194522543
196952741
194750628
226370137
227493750
227532129
228049073
228111999
228454284
228002600
227551139
229407678
229400849
227589067
229413994
227605027
229414210
227611528
227605379
227870267
228000485
228297997
228305826
228317374
228759644
228767650
228806150
229087925
228345016
226400681
228285363
225804729
228170779
228176081
228751886
231282870
231228035
232320277
232335042
231250642
231706519
229951767
230293770
230654737
230688796
230819602
230826804
230899085
231140327
231186146
231228534
231479384
231540118
231649200
232343401
231102759
229886078
230022061
230022232
231909880
233536191
233903709
233955325
234734066
235210200
234786663
234880535
233165990
234854671
232576301
232576363
233768284
233985633
234591276
234972069
233590394
235338491
235792732
237140758
235516866
237615449
235554802
235564272
235676877
237225235
235678738
236323186
235707108
236377165
237428750
237350319
237573053
237325696
235087679
237261127
236059570
236088029
188746398
188788648
189467140
189479171
190800357
191108814
191150654
191789775
192858258
192873261
194565669
194634323
194692331
195032406
195000870
188905746
189015258
188341148
189587688
188712393
188818691
188815749
200218414
205123407
208435909
207200290
208673480
208752451
209106087
209109241
208900525
209963302
210387530
211047190
211162174
211175617
211582881
211518475
212346151
212378660
212380628
212545500
212861482
215084266
216943222
217346789
217348781
218332933
218333818
219169434
220425797
222837774
223794513
226587054
226670655
227011036
229321247
228767909
228606943
231538378
231543980
233050328
233071072
233071199
233882541
235306568
235289582
235586959
235828452
235850419
235333742
235856514
235906503
237239685
216135794
218235385
218970410
218579395
219813766
218130993
218488089
218902034
217760569
215148278
218245465
220686568
220658505
221384100
220619175
220479424
220464418
220921021
220928171
220867458
210498098
217281416
216311978
219665455
216448698
219708489
220562754
220488090
219250521
220477412
232844102
232988476
234712267
195904395
200886750
200888674
193855497
210473462
195421925
160963811
176356723
189186030
235321044
235375688
235490570
213002679
228857692
214290930
214702884
228588634
228818009
231528355
227786881
232408468
227708642
230717577
234144586
234058787
232486921
233864040
236291707
236320129
217171192
235771645
237550629
237648034
223258514
237654101
237733996
215335936
217518375
209750943
216880103
218148492
210515114
217798062
218327256
224921202
224826505
225598889
221764373
196407395
198210776
184397809
186261374
189558403
190149781
185965320
159864562
190677536
190699209
195670750
206712126
207494189
205110965
176213949
194472535
209813399
209927329
208404848
211452930
212727137
212792523
223634130
223772245
224310798
199155764
199403123
219559369
221432906
189920749
196655205
208784824
202594476
199412277
199751534
201312684
201797517
201798182
164041119
218125951
225724835
226118080
226164495
196646395
188592132
198932989
199106658
199749549
182374656
189236172
191660216
186629181
193397807
193503899
192709943
213580350
214766986
214733897
215669722
226564921
226972356
202781165
192767410
201801834
224356766
227861774
235275604
215425532
195584866
204510933
184073576
193268183
206029208
206884264
209240578
214519839
211100063
212885218
191578739
209815651
202395361
211097553
211479830
230879894
232972003
229248068
236143034
234567585
235397777
229490526
237623841
237254402
237447177
235490640
197391268
207311923
208963931
225925441
215043277
214350461
218798141
218888873
218967944
218249500
215984829
219196451
216538593
216622432
219472912
220738900
220950314
220652568
221162101
221348432
221390860
221514061
221670771
222353443
221593507
223203178
222508028
224117080
222574383
197416449
200469068
200605922
201161985
191672912
208122875
209066805
208604359
222197770
209151100
210113488
211615903
224785558
199756839
221589573
211988779
210105777
191395919
212595748
212686451
212680084
212706847
213285665
211646649
212985459
213802276
212874916
214604082
210338088
227893884
228636993
225262048
212467634
212144797
212226881
212676190
210739363
201132729
201554058
186143134
208613356
200376563
220732711
220887246
220970632
220983048
221251684
221104197
221285663
221355672
221327038
218059086
221657974
220892480
221715338
221720923
221243976
221270173
221775711
221789079
222388417
221829970
222064698
222123342
223173830
223467210
223496703
223149880
223596183
223644253
223933848
224262236
223897761
223857119
223869209
224347582
224251214
224381060
217810624
225187677
225504696
225925462
225605546
218115864
226021008
226063640
226701676
196917337
226440906
196964130
197249788
197316525
197324149
197642812
197660636
196996269
197939028
197931229
198006819
197943944
198043821
198070654
198027891
197697035
197354991
197926475
197577320
198657214
198762929
198877644
197347280
199104992
199131959
198910937
199598997
199642028
198093563
199698321
199889051
198749685
199926060
199942669
199988142
200039431
199286703
199896727
199127247
199935112
200269877
200277513
199999029
200294812
199911324
199898942
200274473
201548502
201927230
202222605
200188748
200426009
202333171
201945244
202323316
202169573
202686892
200834335
202241203
203802308
202317883
203833371
203521152
204139735
203837022
204164247
204227053
196882796
203760433
202680687
204290856
204494822
204533019
204911989
204965331
204964245
204974087
205029348
205030834
204636532
205855174
188813257
204973467
188922570
189123135
189185318
188845633
188795980
189241965
190200796
189129643
190525298
190285333
190567772
190549782
190695545
184199682
190911154
190637029
190900579
190698385
191029292
191053517
191037307
191339920
191350279
190893051
191698279
192280121
192281578
190953012
192290888
192319832
192313093
192336540
192344129
192613227
192386560
192725578
192749484
192991350
193010534
193040976
193121542
192988001
193335253
193109388
193377615
194420791
193133102
194396472
193306333
194434045
194426950
194460220
194469871
193360606
194741918
194750458
194495905
194773567
194772050
194777341
194842985
194865881
194869091
194877664
194831481
195226286
194840536
195493509
195515048
194736216
195523984
195592435
195589189
195959665
196525036
195221748
196560194
196563416
195562670
195858699
196613569
196413625
196877547
195880305
196886105
196934078
196964423
196585187
206681520
206665637
206965093
206683164
206075910
206187039
196966310
206984881
206991538
206833909
207018185
207043067
207200606
206636661
207039536
207069101
207816301
207067018
208129447
208168366
209742540
209250810
209742816
210452793
209792729
210606007
209396093
210618557
211029692
210998077
211256721
210476225
211363535
211367435
212042804
211337781
211295570
211768003
212065624
209810766
213046389
213078605
211766272
213067871
213078777
214174064
214318531
213883585
214326183
214734951
214568065
213881030
214700363
215449900
214281405
215849422
216245330
216807119
226837452
227584146
228224948
228251370
228235219
227979891
223858951
225957734
228325444
228314994
228764440
228640382
229048669
228796202
229149569
229114414
229021267
229177145
229097232
229161946
206521417
229046032
230266230
230320607
230264609
230296671
230273132
230261112
229032829
230336981
230421494
225941574
230866071
230796204
231090068
230360034
231167111
231081972
230281804
231457589
231463477
231479161
231575799
233554008
233689567
233680855
233914114
233981134
234020375
235142548
235211176
235211352
234789325
235166633
235272288
235285094
235558302
235634655
236289161
237434363
237542215
199058829
197668332
219828131
232879816
224388670
199310229
189354007
192737365
201925126
211336716
232779331
211147513
218853276
207708816
196809545
218991874
221770429
223123975
219597768
214723286
223161868
216611091
222765616
223524267
200437040
174368550
223055198
219786472
207252068
195096260
222777791
223837918
224306154
216941151
217998751
181923823
198771502
208918360
225808381
226495838
226018194
204214134
203981389
197144848
211700675
202289898
187115796
211227978
189552706
213383833
188616842
188468170
189056797
222087312
232346635
190851991
193014795
193067938
190705770
222754192
206691506
196522593
192977570
183659246
206747711
195122996
173909176
204214060
206472580
197583158
207160092
204756377
209286030
206664514
206685193
208140448
184259293
208522578
172478908
209931554
211130173
210816028
211261487
211417635
213131453
214521617
215931391
214551426
214764996
216410593
227771442
228447808
218095462
220656231
224389675
228144834
228411049
225544932
221594037
230003735
230305971
230466797
230601393
231314915
230030919
230010427
231536854
231586782
231184722
232639579
230275172
233015405
225878386
230001605
202228723
201123985
199217694
233874836
234310044
235030065
236182161
235149729
175519003
234234837
200273390
223248816
200405081
199244445
199671590
193477771
184542011
189222897
184065045
192692636
198057696
221052848
193182464
193525625
192836841
192732535
193881653
194480692
189487198
193800165
225764780
228496554
211034921
230531391
233758286
216509642
216782815
231141429
227968359
235361305
230826710
216151368
193565244
195664629
209093667
214043113
205295690
215742936
215742170
215446671
228461559
228810039
237715976
218249692
216999553
219216703
219805648
218622583
220146066
220859509
220750708
222258299
223371337
222267271
226696110
194671266
197537646
199034129
194692993
199500881
216481952
201235070
204238838
188722980
217294237
190806485
189702185
192900969
204734269
191117318
193563556
208379139
220964505
208689606
208765391
207497206
208351089
208783869
209232197
208275229
209175908
209991477
218808669
209971573
209964562
210764781
210767500
211067594
211099109
212939897
211933775
213266254
213461101
213589069
211164792
213233267
214160614
214871043
220628347
221884226
218609212
220923021
260178818
219225896
259964523
259482968
227962861
223935971
228979123
260007270
230482027
233028700
223040749
260348491
259563105
260028293
233060767
259899834
260319829
260326680
227159109
224310940
233794766
258582939
223852197
260332594
233855476
259865224
220752429
260174556
234185538
234185045
224263002
235423447
235862132
224008808
215558476
236275128
235828898
236569160
197631199
196865378
192757222
259681250
259682617
256934850
259366031
259392099
259964953
259637771
258543083
260268668
260319223
250079157
260353996
257008380
229229283
199939711
155508944
203723292
204658002
178646022
188916808
175738625
194509338
191458971
191534307
191730350
188264620
206952114
205772963
207554919
208546560
210992467
208630004
210597949
211224517
208526378
213334876
214326817
213979813
214550293
225895681
227995871
230401979
203942415
204741838
203935456
203941637
210093951
217446266
216161795
207832116
206114096
211634471
218129271
219760366
219748577
218058922
220080252
230916963
220523887
220925474
221236904
221233271
221012824
218608394
221344730
221663145
221803961
221351184
221989378
222003857
221829646
221879919
222002157
208976926
209382091
209261162
209662869
209475623
209486793
209772392
209692048
209657964
209692478
209695047
208899615
209785073
208185421
206935989
210335638
210340127
209789734
210618916
210467403
209819638
207291830
210601317
210591736
210606540
207338348
207358664
207343558
208121581
208522008
208630675
208228753
208659894
208512961
210875950
211862604
211889383
211904081
211894059
212240171
212243845
212263958
213404553
213408855
213526843
213846907
213893837
214284772
214297473
228075473
227149161
217457592
221717851
217170623
220927609
207291732
208303824
210877567
228160068
212648423
213117846
213372380
214606831
228248681
224022470
232199394
212813552
212574373
213360399
225022401
228619092
207092179
224388219
206605268
207350315
224023841
218517261
215865849
208456424
209056844
209882103
218601513
221826834
209770960
207680411
183614362
211578509
208826837
222011521
223056489
222144729
222073174
222142078
223212329
223619445
223453040
223167019
223469598
223898234
222617194
223584984
224039789
223863012
223967539
222092897
224277504
224326240
224035578
224253987
224364294
224343015
224388849
225523720
224071785
225903718
226030278
205917878
226702243
191596201
195828404
200260241
206181930
206586276
189594675
193031870
206592346
206587550
190556360
206617431
206615950
206623498
206961438
206933317
206664043
206918046
210974501
211080856
211085474
211299175
211324021
211373481
211414538
211302247
212060575
212075209
212105541
212065362
212178902
212147531
212105050
213062268
213339375
212970018
212912884
212989495
213062100
213316565
213778090
213428641
215912787
199689097
213357169
213451878
213874709
212977503
215465280
213924178
213907890
214645244
216805203
214681651
226306806
228075124
227627077
226847570
228241312
228383683
228333868
228724004
228445455
228812581
228665644
234733001
235322579
231561003
207038174
208226392
208139916
210633102
203538842
208519496
224237547
209067485
209400328
209406168
209408331
206504262
206764404
176990511
178777271
200684926
207686608
226427651
228966739
201685252
233595637
235481112
235493051
201801597
206562696
226838507
206458058
206490201
206110519
206501297
206636803
206791114
206872550
210832088
211212469
207324027
207434624
224239835
223103818