227536044
228784147
228850071
228929252
228850284
228998289
227124127
228088356
227032329
227959263
227836869
228135014
227158203
227159109
228517101
227784791
228142036
228559916
228584629
228606930
228606943
228559709
228560073
227962861
228616462
228767907
228767909
228074206
228794331
228805983
228914005
228993733
228774423
226672907
228998796
229053604
228619092
228979123
228975643
229321247
227812121
227850457
228192079
228731170
228746437
228965033
228972727
228983470
229017043
229059761
229069261
229075574
229105249
229109221
