236301455
236702314
235289582
235301036
235333726
235333742
235466184
233855476
235586959
234185045
234185538
235828449
235828452
235850410
235850419
235856512
235856514
235536126
235423447
235905614
235906123
235862115
235862132
235906469
235906503
235903669
235916624
236220414
236233479
236238357
236250287
235828898
235913092
236506739
236511886
236533613
236449969
236562562
236275128
237239678
237239685
236569160
237655359
237749345
237615403
237774095
235303223
235543990
235548035
235554315
235562108
235896146
235963469
236032115
236053884
236247284
236257886
236296780
236303372
236315111
236590266
236626550
236705786
236712032
236733726
236751903
237503712
237507902
237513020
237527559
237547330
237554465
237595181
237801710
237834818
237858390
237867452
237868720
237877308
237887610
237895300
237914325
237930594
237948846
237950880
