1382273
4328427
6009355
8037296
36486
4537476
56038
1091595
6609044
1398855
2928910
3665520
3825026
678785
6761843
252960
10757198
1510540
424837
2765414
2384808
1046741
6512846
1674559
1567616
1419286
2800492
2258639
2744713
4424687
839225
603464
5021489
202882
367869
3520486
4615291
5417983
851923
1774869
2813281
3122241
3444997
2272205
315850
839233
3796123
2869994
1798139
4631275
14337
12212
261317
996557
732710
515447
4335923
2821020
5768474
69775
69776
69777
69778
620757
998983
1089523
69781
69782
3137006
620730
1078368
3835034
69867
275293
69988
1501298
1769220
3920368
3230714
141935
141924
5962330
1227171
388550
1790646
6576
4826599
746869
9955586
6907118
3245557
3300183
427351
2083553
5493049
2177865
4586105
9115248
15296019
1955286
7310863
1485929
1197062
2453197
552978
7140
578446
6687497
6926380
7206343
1997710
6020259
2106227
9188524
446622
42093
1943050
2384850
365717
1046777
1826824
2735012
937591
2278072
2870668
3293420
1113297
6278431
238053
1763327
1732580
9998773
12038637
1377426
821835
1577824
234513
2619959
1532540
786037
1512319
2013785
2875958
1444794
120808
3291519
74235
8045306
332404
6879179
3100932
714378
2797930
422565
3459212
980890
2995874
3558638
14176
1353997
2899108
957931
6189296
2277667
8343847
576974
6428543
5547194
14587
2352219
5576111
6374191
385879
2429349
1299095
8786742
380238
3240326
2110438
6018498
781053
781060
2283503
1038610
2089612
5899934
5899956
7423576
7558736
1504827
449022
1454529
87782
8772872
1221979
1580913
10003737
951757
5857768
1874539
190623
5597557
2874448
14130
3036772
6908464
2512794
3111518
5369900
248508
1154292
7324499
3055703
2057743
3441813
2462965
3969525
6603001
3262462
5477723
5368652
25229
25230
1834176
25241
25244
25258
478626
441014
4370273
132351
203077
78264
1236949
9275258
7067691
1400665
3382200
6340922
4450596
36999
1093125
4081239
113828
7503962
894194
6633736
1364453
2815235
381306
10043634
509143
3257623
4515484
4326269
4239981
706548
3528127
6261526
1809029
3431384
3704369
195002
5946907
291271
3105391
1129565
515461
13930158
1610407
2915555
11594784
14710969
7617352
11128502
14446065
15570259
2488854
15439206
10075
3261008
17028315
17150046
17103751
17103744
17103772
17103760
4413560
13249526
6902721
16200982
2494402
9282271
6902720
7415841
4073299
13572879
14578488
1082682
15087209
16857917
3056996
15565124
1994216
15699723
14132688
5097644
7834134
11148345
11636351
7834135
6575
5739440
3705388
7834131
17103756
16735517
7858751
7834141
366995
16967131
11146512
3136931
4070940
234507
12545030
16832724
16318794
3176
3555108
11285292
15693397
15677652
14782720
15677653
243623
15677654
16699247
15580823
3173988
4280753
7692716
8917676
6922140
13592571
17080234
5035983
13880172
69732
4572167
425024
16350003
15673721
13499052
1874906
275317
11819721
2320101
13260695
1827266
37002
11171984
9309130
13505186
8822286
7999443
6607984
12957969
12698943
13844641
1323147
1323164
1323165
1323162
1323171
3021994
13738009
1323155
7286982
4920019
2516230
9945385
12894781
16593256
10939253
773493
9297995
322363
2013786
1323168
12091768
1085657
865942
3081992
2173701
3081689
15956426
5505063
998986
9739713
14803378
15536004
15684302
5763310
15649809
15595243
2566093
14954392
12348030
12279232
6568660
11327071
3711265
14102624
16688177
12643346
10668101
16467708
15214083
13198676
5973951
13357866
13260675
16845624
12870471
5595288
17029191
13468350
9274413
7570018
7488115
7570019
2805088
1569776
8518278
9320739
9595331
6689907
4197570
12257028
17078681
7986715
450385
16614951
16582719
10084619
2264427
27065
13515429
11483760
10849049
2564677
6039960
5373942
3236581
15644624
15687391
1323176
1323169
1323166
2568940
12066692
12066752
11139858
12066706
12066704
12066691
12066687
12066689
12066684
2063126
12066676
10746888
1693231
7262410
15155092
12066680
12066707
12066738
12066744
12668028
12066747
2476141
12066756
12066672
12066736
12066739
14505588
1705073
12066713
3175769
8046654
3709873
1427856
14075486
1323135
1323174
1332566
2264428
476030
9492805
3665521
926730
16867208
2992838
14194493
14379016
2764652
16528122
14382047
9955633
7354140
13094587
5055265
14454011
860364
7834133
16716428
7083584
13946375
16679880
17088713
6078414
15321595
6320673
12622237
13651117
2121827
16307284
14464138
7477574
15683562
10431477
2470471
16784900
11709785
6308840
234496
118798
17165994
11761313
13868072
16644532
5472764
8918643
10389991
10140955
14597497
3834778
17167949
15929018
14809653
7806377
16083891
9749408
13499679
12302987
4443260
15408353
15676198
12797873
6151104
13065822
1146991
12016760
9070603
3813267
6523950
234488
3813268
234501
306466
4314391
234502
306465
7122295
15210984
7526147
14204272
12802957
16680046
11252098
671996
3118855
9118330
4370991
4833983
17056749
16473053
1449887
13372258
1255856
12850621
13260725
5357009
7253261
7536994
15759014
12016757
17020763
14182838
190660
14357496
17148231
10804428
6992464
10596467
10625462
3756153
16853586
15008954
17151488
16653684
17147515
16541037
1058272
1190382
6571348
964625
2589331
464586
631192
15678098
5098446
3100235
10658403
5383851
4569288
12640737
69846
12463924
5603685
10844751
10800725
9393753
7834137
16089854
4508242
10709611
17147472
12673745
13250134
17172250
1252967
10623119
12941742
1961681
9918434
5845703
16299579
13122118
13249779
16668595
16019882
9656400
14115436
4814200
6258023
5079287
4184411
14367952
6779020
2797083
5462697
5534027
9898867
7834140
7858760
16811311
13073356
10057712
14873371
16614950
4775290
4001250
16602181
14357490
14650441
15676158
12100027
12809243
9119876
1932325
11630619
16905296
16996778
845451
16602243
4253580
16602245
16602184
6920970
4832101
17178168
12279844
6273916
12467356
11579666
2784441
15408661
11476447
16323180
8704131
10368702
1323163
7572701
16555657
10391209
14448056
16325763
8677806
2342833
16626952
3289986
4127122
3564774
14938578
7453602
17044853
8404699
16699211
367042
1054991
239729
15494425
10829457
17086965
14208283
5923025
6000308
4517833
13260699
13398385
15636843
13260703
16871839
2428393
69845
12790488
11206033
12597336
12980131
16528120
14519279
1412846
16528136
12149774
103497
16687031
15338609
17118764
16700521
13411794
6487738
13499055
15680436
9930381
17134849
10457432
10135022
17188652
16088524
11024375
12786797
3665519
15738906
16736347
8918528
14090475
17188366
10783923
15560320
7679362
17075273
234499
816226
15760634
17006060
2749396
12019829
15673996
17170572
5985728
13249491
13259786
16387600
2357529
14476525
9076059
10268744
12997083
16559088
17187263
4508682
15655247
9858204
13251244
239752
9771274
17060634
12709
11332005
14351637
9568334
15677197
14067489
15786026
15601807
15851389
14910980
17161091
14017951
9282679
436718
2567364
11289466
4712534
2582388
14316809
15676109
467215
11043564
5965668
59345
17130194
7856174
16257781
11401241
10801206
9656908
9669950
842658
3298133
16528148
17191801
3427689
620221
8823004
17113557
842660
842661
842656
12701699
1044282
17192250
12786801
17014116
4900597
16125968
15752661
11968384
6814846
2714101
9347216
5849296
11668488
7582667
11122574
6937329
16528132
5426625
55782
17008320
12579277
8039678
14927919
15313208
6971593
16569747
15677294
16363297
16666111
11644942
16914146
9227829
476043
12460845
14322059
13777414
12081009
12953578
10554953
3565633
15028508
10864372
17158351
270416
14160963
12483955
15676365
16312741
1792452
4710450
15595241
12473114
14624918
13260697
4759582
5616320
15844053
14448070
13074999
2486180
8839277
16246260
17028312
13576170
8992795
17205592
839234
15676196
16976933
8898155
3231305
3374061
17205141
12574522
11364189
12617143
809067
12979193
16783431
15005880
12505691
7431061
16554417
792807
13490064
16359977
2414507
7675432
11802259
4774450
4091487
4932374
8424073
1271911
5428573
12036589
6340924
14270295
5709340
14284375
11658926
15734490
17146160
16138635
3994080
8947474
17190004
9263171
17190410
16768873
252930
15299820
16269313
15756150
15746301
13803170
3855859
10637913
15941300
15797426
10351066
11289463
16208840
16012893
4423205
13531845
15303617
13411799
13411792
15109545
13411797
13411798
14424805
14747652
14907261
14748239
15029656
14476521
16000316
15193426
15086043
14925419
15025944
10175402
13259788
8647386
6438426
12908857
16777782
16614256
11332185
16329995
13675358
17166845
12593126
13836297
3106061
8548379
9734288
13592430
9868926
16679059
6766551
1641957
10389391
10880972
12901573
9799954
17161935
1460761
13326671
2707736
8105412
5729375
17137929
16817027
4921923
9756669
14782723
14469009
3846016
16221438
8154347
10572026
15590410
12527544
16113307
16067416
7426615
10322098
25237
14663820
8805237
16811313
13961048
9681806
12436378
12218744
14859399
12587116
2544642
16812565
3589235
8782296
455631
14766440
16801330
17211562
15270898
17053261
16358499
3065577
6064328
11739033
15633336
3200427
13845540
10390976
4058689
10268476
16653102
12473188
12509567
13528235
13528238
11630063
15798847
15798846
16783745
597372
3216990
16614952
2460002
11545586
842657
842655
11123353
4256449
9772329
8598764
17137774
17174599
1043187
17075121
13560836
14257
1521286
13867152
9898645
4852096
17185084
17191175
15287116
9108196
1575057
16194016
6297509
15431716
16350920
14104405
14914081
7922126
17118297
16345085
17224338
16528150
15095865
11986174
1676288
631158
16528134
16047367
16943441
11788660
16309254
15972310
14601295
16830725
5515128
15520316
16420292
10656481
13966149
15224175
2946473
8530236
17187909
16900439
16409330
17029254
5537569
2125004
5908500
2400573
7347439
16301671
12004254
7733531
11021674
15146776
6271112
14476419
16856363
15683138
17022936
16714216
15460049
17063256
1183275
4251625
17010220
15093553
8560190
2088453
10083121
776185
12875773
5767554
17229983
16256784
16072487
11644943
6760721
17198741
15920158
14711661
1496407
3973359
7788935
4615627
9765983
17230154
1323167
14448062
7908350
15704191
16707163
12408459
16981348
17003653
17085341
3047173
306468
17142662
10394741
12959962
15220108
16154858
17234946
12944865
103498
4775513
6124045
1434396
457068
4026242
16345194
7038470
10818366
13994265
16545100
1285728
16505409
3773138
17210652
16058622
17134735
10042698
16763061
4843601
16670860
4240046
10129680
1388112
1372633
13398510
12978055
8426665
15535998
7296529
1085660
9907053
8037302
12692682
3671805
7134248
14665049
13124306
17230219
16601816
17236745
9257699
918747
15668951
16994994
9909837
16654438
15600631
12980566
12279270
15170787
16981798
3090976
17236367
16544240
13532478
6680097
13137360
17120874
5483544
9011665
14559641
14356469
17120749
17064136
6433803
14739868
9612647
15172315
3889688
14817520
16772519
16915327
4165274
9599882
456419
11618916
965539
12160151
16910151
17012256
14782722
11312760
6349084
15913518
14650760
12457953
16421078
14747832
11464809
15264879
14240164
16746742
16046697
12980561
12498177
7093522
16721122
10488577
16622976
15154785
17230887
9550194
722702
13543174
14621179
16907622
14713914
11846603
3191634
17241486
14883810
17196672
17243067
17242025
4646462
14316802
12066720
3792008
11269896
2870143
14822795
17031450
16942071
16288119
11189694
3936073
9436969
14103470
10591108
424841
12356969
16261180
141929
13921319
5300144
16016649
13632115
8428134
15632789
4523619
13759824
143204
8288739
4304093
15776882
17204886
17247538
17128609
16354805
10839836
11662433
17128606
3712370
4810988
3483279
14097379
4794693
3583438
15497283
1405859
12945654
2006926
3540181
11887987
16867648
8233673
8417892
1323149
1780649
15709655
7351450
5236814
17149795
15146163
16360685
4987031
183352
12095528
839224
3518647
5303350
5899941
14910474
13122736
6680103
16738307
13308552
17249503
13332239
17190384
11000752
11868612
1115950
16618569
3103637
13272500
11119397
14110282
5595272
4440885
12291315
14787426
8226075
10858948
13743798
6680100
11003024
12076572
3236582
12677293
17166851
15135888
11873846
10394771
4345011
12560656
11012164
10689941
16876226
2175010
3100236
5400030
2131823
16223013
7292474
7666551
11525155
13122237
7790127
2338288
2278011
9932684
9364581
10414011
12821128
6788914
12891977
5002279
16112997
10121386
73955
232672
16709956
15465979
641589
17215718
16609022
11696692
11435548
16850755
1665176
12006813
17255070
15752656
8583758
16360905
13058400
549482
1825069
4847738
16254858
1412942
8216434
4169977
4169976
17225718
13014234
13486376
19450
17240053
5147084
14214817
12321882
17239034
16811314
4350067
14587950
9417403
7804762
12060742
9106599
6653287
2299008
2533426
11569512
2775814
17065515
8669884
12253912
4240274
17231002
8424064
306695
9446879
11587479
1835792
13644240
13587369
5486423
3003247
17261782
2036003
17206415
16239654
17098386
17097445
10737687
6422557
17252195
17231973
17263868
2006927
8331506
977066
53940
13767398
15531797
13767397
16351766
15563031
1147658
9457487
4310369
14875214
17078989
17266040
13885653
2428391
8424811
11630331
15851539
16516573
12620700
11334958
1441912
7500854
6109337
14421439
11594784
3378270
5899949
272136
14583107
836504
10466487
13870978
15953730
16346909
6383488
15528651
17268519
14735550
6166056
12726747
17154646
2539612
10254062
363702
11666115
16254441
12775873
274422
17266957
2107788
8705809
16363225
6116143
6618477
7206379
16810755
9932691
17268082
17270292
2824218
5899939
3185163
14186311
3938939
7608789
9474078
13497524
17245139
4397751
4923768
12330937
7976592
17046102
10334700
17271743
17046101
7878834
6589835
16947039
16661353
2079667
17064324
17232288
1063683
12104158
17074741
6490656
17196673
15812305
16377619
17098294
3287108
1833868
15583896
15411305
14580330
4918756
16867839
2682393
7716854
1547005
527446
7338876
16930727
17276622
5458564
17271741
15254385
6053832
11181230
14376753
12763309
15730390
1247642
15232886
16949351
17226364
9808854
2788771
845450
4726141
16392044
17250870
15983044
15916926
10121754
11602501
7013772
16534557
16529466
2370827
4378224
16351120
16524077
9716665
8675531
5343939
5405678
11327376
11644836
17269434
5381015
5335865
5345767
2828706
5339953
9090386
5488063
5399247
11784345
5339718
5375590
5399523
17115778
14205062
11617468
16526745
3613811
11629513
4274173
15574230
12300424
6562523
2581505
4601303
4773578
424839
13485086
16972016
17263712
1089521
16429015
15990247
11617214
15152239
10315087
17240314
6054813
6744320
424847
14723388
14622644
13257524
10730620
11295935
13802964
424826
2724562
11631605
15231961
14830434
12444480
14199519
15292259
15297188
6410457
8156579
17129468
11132310
17029738
12066755
14181388
1961683
7088036
17108948
9207783
239737
17109441
14495157
17099835
7272325
10052502
13375600
7531161
4683687
9338774
3086463
13480435
5299219
16123514
8060401
7633233
13900644
11013090
3463107
294379
9989721
17289467
14373804
14735532
11610874
11703823
4679825
11605279
17268405
10329588
14514799
12261999
3579954
16680202
1671054
1798502
13830432
14924247
1021083
7484116
13673702
14677371
15027848
9357917
13260640
16680872
9277624
4124724
9003389
4814454
5899968
5899919
5899920
4670076
17080460
16661610
2362909
13995832
7251183
9760063
9236210
6139244
15336810
13249892
15757233
8006711
13513278
11903345
4333562
1396363
9313249
16183518
17248349
8759221
1943049
13576673
14314880
3867328
17156536
17125562
17292254
12003608
12610567
11938186
16283370
5428872
307965
9731391
5429049
15784992
15626136
14931647
5969583
8801730
16712425
17229789
5136824
2198900
13620732
14974084
6366735
15409180
12938416
10712036
11123805
11615051
11657992
16471308
5666562
15722642
14775125
16928854
17022528
7931848
9460464
9582876
17295826
16402066
7974977
478159
8449247
10112281
12862016
17297462
17238725
5899980
1953799
1883199
15630559
890426
3425240
9867821
14203175
9867820
5995982
5899978
17229774
10142423
143211
432221
424849
9554121
17298752
17004127
13288337
8979739
15393675
6013033
5298187
12499356
16509996
7822572
7325076
12495786
17202686
4252149
7508668
8589025
12924463
13260645
14318361
12543599
12577677
2174357
5687364
10708381
3655540
11167586
15220706
13602835
16347584
16942742
1363498
14283301
16913406
17304586
5711804
11512160
16344946
5069975
14790615
13901579
5582863
9324726
5768475
5032012
9742013
15605467
15024500
6592465
8976638
11936998
17306224
1867493
16939730
6139762
10043372
8112589
873954
8259256
8208946
2596617
7860901
12137580
17155167
13556264
11220683
8988375
1027876
1502185
1949245
16155903
15220271
15441984
10510052
15837677
527447
666149
6139763
17290780
15773042
63689
5610229
13293125
5069976
25292
7721353
16800294
7459355
13480421
17195055
17114174
15333846
12444294
16978450
12413421
17191951
1027291
4562099
6907124
11479742
17311073
17023192
8554346
13824384
1467313
3589237
1027874
13412335
6203900
13826801
14964473
3687638
3708660
16964028
17309132
14073628
6309846
2862424
15164111
7975760
16203261
9487259
9286596
17312932
4358470
9362920
17313586
12106583
17309191
5204158
14018922
6653285
873945
16608843
16116119
12357108
14299142
11615761
1772036
16410491
2560956
15704139
10274908
13167266
17087156
12931913
16762698
15996399
14211346
17258063
9899219
444665
12027876
17316472
15570553
14925181
509903
2838373
10558139
15577254
2838374
11542190
14833263
11078368
11892776
2611876
11431768
2789325
232100
7493541
7657297
13260663
13188110
13158867
17314434
17049484
6694620
16318390
13646620
17321658
5439335
14573574
16829082
14778864
9067476
9600398
7217730
14293148
14153594
9596732
17207532
3010680
8940177
16330400
16464251
2805761
13411793
17311749
13350552
15207514
14792801
2149993
13731071
14234121
73888
17327042
5007479
14548917
16978463
16899002
13012484
16099975
16330518
9375561
17328483
10677204
15287775
12503241
17328417
11696101
13234517
17324947
60878
11059361
16029630
4690547
16459119
4764935
2687097
12056527
2008763
16367918
4926173
5613128
2049153
2576908
17329109
11225094
16779634
6819763
16148
15176557
594291
14682469
16712426
9645155
10522769
9722510
1027880
5899955
12403086
5117833
73688
1973641
15609265
12854544
12786796
11279401
14132568
17248960
5121851
13853532
380407
17312620
12527225
9698653
8885196
17309136
7430670
2914117
12597674
4814644
13708270
17317494
17334974
11659017
17285904
9891764
1969805
10247845
17337318
5449465
11514743
17322038
13260676
3936074
14554019
15151258
507118
16835297
15404299
5605891
3257379
14125765
10028514
15421927
15456280
7638170
2594055
4814648
13471915
17018738
9368526
239727
17215870
5533567
3056026
226702
17236575
14307004
2380352
7488571
5369466
14347599
16609352
2776926
15508315
8155190
6559584
12894777
1402163
13950972
5843861
10887466
1985851
7426613
16928292
5323144
8063482
8909705
2727824
17174440
14256477
14091880
13469237
13018112
17299041
9167278
10061023
16827909
9390076
13151454
16993096
16372408
14543882
10220943
9239146
12357005
4581495
15541100
4581497
16070859
15755188
16690567
16832086
6499584
15263346
5662555
6828504
16397566
1027531
10902092
11071835
5149664
13550344
17061492
10921667
17259596
9387533
7020280
383825
10452643
383818
6631040
17273049
17253142
15346891
2238034
14762522
15043934
17354931
17321230
17354955
12602630
17355000
17354797
17355002
3107208
5123447
17354939
17354961
17355008
17354941
9326354
13811107
17237829
827669
12945303
2497164
13594755
12592095
10771721
7177693
5899940
4389765
12312022
10442732
8260812
11232957
17227579
16333937
17330806
16436982
12922464
6283564
11677414
17349849
5899985
17279027
17358389
4369861
8468666
16585871
4269901
5945983
15919950
15613242
17135798
12913038
11924990
14674848
17359879
11969041
16998933
4994626
17360216
17358601
4279373
15940513
16899359
12403863
647900
2532655
6116058
16624056
7505999
17361403
7164785
15408660
7892239
7017873
12862020
3962704
17195460
11883333
15535997
12423229
16299645
1515804
12722127
17228593
3835220
15570555
12775869
12775882
17362513
6121557
1417002
16811315
8127611
17132678
13076547
17362177
11543142
16157741
10305560
16564014
11887339
2736481
17253837
12066697
17295212
9900169
15832021
11933617
7376249
7911724
474395
2940950
16729698
17149726
11381983
2561447
16490622
17309121
10482720
7672630
9290017
3565353
12370121
4265879
17226746
12404785
3802914
10661914
10799032
12066734
12066711
12066702
363701
5946565
12066696
12066731
5647634
13524675
12066679
16124490
12066670
3697736
1278883
1790643
15231964
17383732
17163869
8296690
1761552
736051
16387205
87781
6385179
2401946
4776313
9456312
3012983
16138954
7963543
209196
10195318
16074515
13781594
17324468
13697760
16929117
17309922
17266602
9363639
17363661
292149
9613372
12473644
9011503
209535
7195340
12362707
2210316
17372909
17312193
17274692
11300332
17167570
1867136
7149870
2920628
11384277
8767223
17000587
9476593
808850
2045659
7391330
14302160
5914671
17236148
8469609
17396483
11146510
9079750
3645433
15623719
15940509
12722128
12722121
12980563
12980564
12722133
12722112
12722116
12864406
12681915
12722130
15483010
17284910
17278433
12956182
12722119
17117308
16635589
8309013
12066714
14817201
7874439
15406287
12066700
12066674
17400198
6284738
6284734
6284751
6284746
6535920
7568609
9695930
13260652
12746684
16392508
9931313
12904671
12066757
12066724
12066726
12066728
12066730
12066733
12066743
12066746
12066748
12066751
12066698
12066721
12066727
12066729
12066732
12066735
12066762
2006924
12066681
12066695
12066705
12066710
15686934
8100907
7151500
16903843
12228388
15533023
17394563
12018944
14274930
4431055
17316392
13603986
17285955
11874990
15157797
13155973
9172254
12413422
9017670
9054278
6680104
12864405
12722132
1352939
3744592
1419114
9452606
14543233
3342744
10347385
10943222
2328897
12309326
16440224
10798545
15208857
12722120
13229146
12033879
12956183
12722114
12681916
12722111
15176454
17157917
12697901
12936560
12722129
11653980
12937081
12473645
12722126
12697900
15176457
1964280
1293796
1995900
1293789
1969319
1986712
1293790
1293788
1293787
7905402
1294231
7347135
6074364
16983604
1294240
1293794
1293800
1607598
1293793
11817131
2317778
1576460
1294242
1293786
9911259
6745627
12526733
4382557
1293797
1293783
7204133
1293792
1293784
7293995
1294253
1294233
1294250
1748106
14941438
13903641
6398910
13847505
12956184
12722134
12722109
12722124
12473641
8701046
836506
15648047
4197926
14782719
16181487
16515815
14013844
16120699
6390970
15276948
17097251
3085192
12214438
209521
10201097
12291307
4703738
17118567
17330660
3471803
17411782
17380811
10766395
17404609
13792851
16581500
7241283
17412719
4483599
16621192
10986558
11784854
11711019
11249852
11630152
11141791
1154293
1776950
10587571
11479737
11479738
16871946
15940505
10778789
17398169
14728071
13520942
15631248
8525272
7771269
13769388
17411885
9311394
4530728
3511551
17350355
17224052
4558403
5899984
5899946
2352463
5899922
5998261
5899982
5900016
7216013
5899958
5899924
14101595
1464947
7334699
11200596
14692837
17367879
3123630
16691897
17387290
11128701
16034359
17411365
244741
2494317
12613943
2845116
348817
17300979
17324977
11990497
14841562
2070345
17258056
17185140
8677808
17407316
5323258
10430387
6596746
16958312
13688294
16670983
14016702
6086751
1096466
16754186
4814647
10466626
14111499
13899442
17287861
17053890
17369175
17291875
10929509
16555799
8667651
13425796
14369335
17400543
11787781
17100581
12196632
5947079
15757005
14748215
2212970
17309199
1515805
11690980
6374537
6374540
8608802
15423160
6374536
11278238
9013355
17314267
17371822
12299300
15377835
3449709
15607449
2729510
14924990
7712019
17400544
14997888
2701019
420121
9040341
1660639
11331993
6764556
816223
1862513
12300552
17430849
12953081
14270636
17360292
6617991
14315734
1142351
9735140
13293127
4448311
849373
17432198
4693270
14283258
12756777
15220011
3023522
17343139
3715311
17229562
5574838
5339229
16338468
2022405
7731339
13065820
451056
15162258
1807754
12752967
15038723
17279742
17027823
14212471
6557552
17404986
14570450
17194373
17400534
12141827
17433840
17424688
2706994
540181
6181478
14919021
7839557
12627018
17374273
15417531
17445368
11815520
13937580
7162756
11599563
12580525
16408300
12839903
15676991
1645115
1835513
10167966
10167962
10167954
10167960
10167952
10167950
10383172
10167942
10167969
10167980
10167946
6830313
17155181
14246016
17362399
12298829
12421784
12888013
6082442
11026101
1270240
17449892
12497401
8744608
15668616
17343602
17427363
277138
17393899
7733528
2568941
17264764
5595290
10763337
36483
17400525
5067864
17453847
13350126
16552616
9976781
2518256
10201094
10910056
15981938
17354796
17354904
17354907
17354798
17354932
17354910
17355003
17354799
17354911
17354958
17355005
17354801
17354937
17354913
17354802
17354914
17354805
17354916
17354943
17355012
17354806
17354917
17354944
17354965
17355014
17354807
17354918
17354945
17354966
17355015
17354808
17354919
17354946
17354967
17355016
17354901
17354811
17354921
17354948
17354969
17355018
17354804
17354903
17354930
17355001
17354814
17354909
17354940
17355013
17354675
17354696
17354731
17354756
17354775
17276369
17354682
17354702
17354738
17354762
17354781
17354681
17354701
17354671
17354692
16464815
17354751
17354689
17354709
17354746
17354769
17354788
17354678
17354698
17354679
17354699
2296619
17354734
17354759
17354778
9667598
17354684
17354704
17354740
17354764
17354783
17400526
16564018
17462579
17453300
4423874
11278153
15246184
13150476
6223030
12339365
9844142
2526358
17464327
3136679
2288886
14195582
13102247
77031
15478989
9420488
6751106
3123196
13077218
14335406
9396165
15570554
1819228
17232287
3518172
16948336
15741282
10724288
11580030
11414378
11153151
3142128
13632661
15344904
16251297
9575800
17472009
15860304
17472670
17462199
6201518
16137792
13092157
13946472
2841450
8677824
17400535
1093422
17474187
17400517
13260692
12913793
17181354
16861279
17466857
16868366
11262519
3949366
17475284
15074978
12419915
17473230
12357014
15714639
2737906
17356464
7981351
17436321
14448052
15306090
16822974
2202421
17478007
2164591
16954187
8588873
8203839
3731549
3721037
7399012
7486087
9178249
16712077
12103427
10189669
17441497
12156269
17321523
8541481
15468545
17272358
2474842
3777207
12356986
12722110
14008308
2178507
13209930
14779329
12304382
1374241
11606695
8935630
16230509
17400516
2908400
6464514
4813890
17448895
16299370
9589309
9697713
17430214
3144799
17373133
2245539
11614204
9997685
1831310
9884514
11337068
10581255
12122623
15974824
16630600
16544309
16521819
9839298
3152611
2916790
6702229
13992834
17199880
17390028
17491676
2079668
16149884
2380032
17465187
10529851
12309276
8386747
15878480
11087162
17214112
17396164
17491280
5411011
16297245
209545
16022113
17045425
2866735
15219915
17439671
15490497
2009984
17496240
17244066
8020393
9701418
14353666
11602934
15564195
14745761
8578954
13496284
7297427
16326806
11253626
15231963
16753892
10779485
17490553
12357046
9669943
7363814
14195585
17400527
6483187
17400528
8583741
16950295
6551142
17500211
6953895
13964139
15342385
4731502
17395852
17176258
14739363
5299719
12089147
17507012
1509318
6597476
16240253
17499698
15660157
14908178
719839
15351367
13767396
423976
6471312
14448057
2163987
17400509
13107198
16750955
10709613
1142352
837019
13092144
634120
17510611
17508798
9664397
628917
15717264
17477232
14478112
12047973
17507805
10753152
14201967
16801558
17508958
3816830
11756284
11016719
9041045
17431588
17512139
12526126
13260708
16221345
17513292
15895944
14967505
5835027
13487276
10219827
6326897
17514619
4934671
10175182
12941904
10101463
10101410
15249717
12171664
17516894
732712
3625306
13794188
15573603
1624764
4709360
12294285
14291738
17412377
15468549
1944880
10802166
16089856
2787148
3313306
17519154
17519674
13260658
17520607
5691981
13449261
9629213
5881749
17100926
12356948
15784135
14007755
17518949
7879292
2074792
14301438
17425784
16260003
7839561
17276946
16535671
3940527
16120698
1234199
5719418
17519194
6741454
9674985
1459138
1674083
17527087
17527192
3443923
6352819
14331054
12251613
12962664
15810657
16592660
15125543
15577032
14470599
51654
17435162
1349882
17503113
17450944
17420269
15842705
6820600
17122677
14225668
9299128
14180772
8885190
17530903
17531978
15337982
2457989
17400537
10375882
17522061
7881735
16633331
5708385
13872738
8677759
16293091
8677776
16651392
16852168
2419483
8677744
6961323
8677741
1006624
15950546
8677777
17529230
5897123
17535107
17535273
17453059
391314
17425785
9437271
11979984
5786742
8677760
17509652
7997148
13604180
17519315
17519333
17519336
13272060
9218289
13675411
16413828
12926980
3945097
1108237
17248359
10188372
13875021
17519401
7493452
14034181
16528126
1323175
1323144
2080180
17543603
14136810
5863739
17473728
17445079
17278605
6790533
15837948
1162844
17545472
17413231
10856554
12323530
6907127
2041815
17546805
17547036
12459643
1579338
17546845
17400539
4345019
17547596
8112924
8389681
17328693
13488245
17548434
7679180
17546610
15726639
17546330
17327433
17548796
12077273
17483733
4280750
17493002
17549275
12034394
17362410
17494170
12716673
17094494
7865831
5106628
14665050
2993737
2100134
17553363
17531534
976233
17552896
15962698
17200456
4988571
17525291
15044715
17536308
1312232
2613845
11847378
17519332
10093970
17519325
17519335
10555570
14402494
17219184
17558323
11130191
15773441
17403305
13375379
16301151
17551173
12108403
17561640
7551561
7928067
14799375
5277666
17134951
12526553
4783870
5690231
17432553
12271850
10050993
17400510
7487610
9812460
8469918
17547587
16018939
15426633
13903088
10105798
14791399
10167948
10167956
5906975
6277378
10167972
10167974
10167986
10167992
10167977
10167936
10167957
450386
16963910
8266474
14894555
10842236
10466884
11206447
9178660
1435596
104780
16402460
16469018
8539205
15991965
15146161
598828
13630514
16340046
14549349
17107577
10816657
2479174
6006224
10497659
17268224
16997790
17549733
17098515
4647959
10987593
4778823
1199818
17553658
8621687
17519630
9632391
15940097
371004
8128613
17565458
17519624
10150508
940428
10091623
15951062
16686855
17442999
17600840
17607800
11563583
15653591
17609196
17580986
900264
17442797
14339755
1146981
12946323
13988835
7517310
17601573
7900166
2377629
8580961
1079472
13646229
15521639
13551466
17611532
17611654
964773
17626309
17510113
1646588
13526566
16907611
8183237
14974081
3399684
15586158
4299022
17592870
17633774
8794428
17587618
11202806
17519201
17519215
17519228
17519196
17471703
17519231
17519203
17636966
17519197
17519204
17519211
17519208
17519216
17519218
17519221
17519222
17519229
15601835
16932269
16076263
17400542
16528123
17610032
16761491
11511805
17604038
15698654
17611595
17629786
11758073
17503067
2743231
17640205
17255845
15299821
12889129
7944004
9586398
6870468
9586351
17399720
1662321
6696578
14962051
16809855
17610033
17264275
11798319
10045887
7201891
14734600
9208087
17611620
17611789
17611676
242519
17616957
11537432
13677007
1193292
9586320
16123513
2426633
15210918
10389076
17612550
191772
2561446
4814459
14704241
17400530
73443
17586642
14782721
9586326
17647141
14348487
17637156
10431435
17648597
17618647
873940
17589009
15929171
4269489
1526031
3917535
4301089
3037155
11362686
3021997
9669945
17650897
647893
14686390
16488871
13832971
1625968
17651724
17527385
17364720
17651920
4346305
17452705
17634803
6663131
17652718
7148188
8485901
7735665
2664764
5822913
17611013
17653618
17629391
567746
17615747
6368801
17448773
17654902
16846865
17448382
1303986
11917727
11007854
398175
4532704
17127148
4305860
13945009
6463010
14953630
14923771
13851095
13860194
16797385
10872107
5452254
15335049
12562988
10212501
9631040
16656496
17611696
11438112
14265550
12401562
10365348
17521003
5162194
7728963
17658060
14410082
17662332
15386468
17546083
16574714
16179734
10745718
13952397
10681253
17663850
1225407
16685424
17662865
9669951
17546182
7842629
8125193
839237
9777559
8993608
17659578
17659566
6426891
16809608
15379229
17400511
14039501
963992
8623186
4078532
9248193
1350800
17655641
17553666
77024
15020741
7006042
14185152
5458374
17519614
17519600
17670609
17670626
17514844
5715769
11715566
3472638
3287114
3287111
3287112
10169851
4523618
8078719
16357150
5487956
17667710
17646422
1023527
12103763
1184346
17675487
13637469
13260458
17609287
17664347
15293175
17644756
4989352
5522529
13424535
17677296
17650504
10269540
10380817
15027147
15231962
17678543
14587731
17646508
69786
8660358
16893332
9712005
17609784
10945509
17622812
714376
17679717
1364776
12218579
11204755
17675638
17629393
17604088
9960132
17677863
10167982
9586372
11372610
10167971
17680577
17682119
11441314
17681598
17682643
16248248
17400515
16244821
11451116
17682423
17682165
17683172
5595770
17633485
17677899
11503660
6907119
4867830
17669139
13183411
17684656
10201099
5642118
17626383
3087141
12306824
5850009
16813288
5576934
1696430
17400524
12664748
15558484
15208854
8822680
11184638
17400514
17595397
424833
15403475
12509362
17149750
12162621
9185027
9297770
17624667
4399344
13956335
14683219
7240611
17172473
17519393
17519390
17519399
17519400
17519408
17519405
17519412
17519416
17519417
9890727
17519387
5728655
5729970
5958275
13986270
11070556
17695061
17503217
17400523
17692959
2861702
16943514
17697711
17400533
1630625
17400512
17698480
1821187
17456965
16297718
9207561
13945363
17546481
13802965
16751545
17400541
11813793
15320
17480217
10874968
4950276
17700449
7472424
670615
4040772
11967877
11953123
15058364
9454438
17700988
17513679
17593331
17186701
15573656
1694212
14969439
17701287
9197705
10218642
9177318
6907126
12769521
6943725
11206450
9138773
7256113
6933114
6907120
11190436
6907121
7978094
6907122
17115585
15035298
9177403
4698639
5341373
13562640
4543295
17626827
9746366
17595367
17707473
16251887
11576347
14924244
7673024
5903154
3832979
7624693
17706982
15842128
17512641
14651906
17328468
17648795
15823039
6060547
17709056
17707251
17708067
17400531
16331919
11922793
13451105
17698306
16586424
17663224
3137879
17467099
17708202
14963920
8008750
14115104
17337874
11812695
17710948
13964884
17648558
6972216
14070600
5189845
17709788
17633646
10020171
3299864
17595621
17712634
3402179
3478277
17275538
17712743
53935
13806665
14545578
2711313
5117832
5117831
8328675
17686212
17458435
11872217
17638469
4646461
3003234
8465692
16166592
5765248
3302526
15963083
15346022
6570213
17692687
17677993
14402392
7511688
2467322
17516310
17291201
15758594
6030705
17681712
900258
17646305
14877235
17713327
1444506
2261912
16721371
2962777
750904
9656751
2116567
11736309
16963912
16963911
17264923
435949
16963913
17128147
13234035
16345972
17335405
13964887
13799093
17491139
5727681
17721180
8970094
16439664
7115018
2339175
1195608
4068971
2308401
16439043
15603847
11304645
11114280
17634583
3323288
1473886
17723788
4043435
6091442
7468943
17351607
17675963
8327635
12870917
12545165
12264449
7976749
17700523
2151966
17726121
15782634
13608400
5874650
9736461
7275016
8754133
15949607
17727482
17392981
17595387
17236331
10240977
9992
17437690
17654587
8424068
10368243
17730867
8344312
4307603
12066741
17702301
245066
13891145
3647388
3195110
9631043
5739221
16603967
13236655
16621527
15638566
4090032
9558486
13446701
8958596
15768509
15605466
17733799
8389663
17400521
17647437
15192967
17149737
5304228
7074131
15658808
17414428
6139758
1742695
15757776
17382643
55848
12509543
8467967
931133
16996643
1943278
10969145
13721785
10248705
16509992
12398433
16123437
3388065
17468468
6094217
15882731
9669952
15367471
2953012
1026108
10799120
3175609
9669940
14020977
17507468
5570148
13504193
1068404
17743157
17743660
17150613
17139912
8648481
353876
17518488
17731762
14861745
2940954
332412
17500741
11777575
2691411
17654196
9906137
7093061
7049774
17728094
2165232
12741596
3209700
9203232
17742701
7266145
15418984
16029479
13398388
11831115
17550857
541772
14906459
14878461
12561446
190620
6396909
13900643
541769
14354447
12800460
11583578
2977601
4548232
17701660
17710607
6793141
3179925
17726681
17140539
10799121
7991441
8677757
17661735
17611557
450387
15175799
16731982
11708023
17754245
1091324
12692701
15423903
13341226
7837269
4844522
13464023
3547356
17753174
4440881
17722007
11955187
17745018
17724156
17634993
7303714
15393929
17753950
4206866
6034147
17636190
1994215
3177289
10651885
747512
10310286
15771303
15630403
7733530
17538143
14071545
7069912
12719622
12719379
17203202
17421202
17466686
9118329
17730599
1375366
16465945
6076139
12546174
3175217
8611055
10862171
12357076
11177930
10698563
15074268
483794
11128133
17753560
13686618
17661467
3452345
17719026
6240906
9367277
12594543
14298557
14441086
16351752
14410542
8941791
242512
4813996
7032531
11831761
15299819
16238463
14013847
11440370
12364047
10494402
12643478
17736775
14013928
6652887
6945132
4782611
2231497
12574213
11152016
10452005
9769181
10843229
10159533
1122340
259786
17776187
9162167
17273910
12413712
4347180
16618431
17759896
17777042
13753544
8328362
8335336
7957816
8499737
17657899
16765105
12479553
1754410
17519413
17779894
11943343
4200712
13580206
1676982
17783511
1323158
12189661
14570860
16975392
17784222
12259568
17761001
11264048
17694405
17785535
16906575
13487075
17786051
13426509
17767395
14597671
15611888
11304738
858873
6313655
17756299
17510115
13348936
17788074
2284947
2494216
4972653
16908023
10231332
2488853
17452019
2908450
1621119
13785438
8693435
3484440
298737
10167939
16491225
7607419
8500028
16603968
3391786
17788680
12027800
6975896
17789666
17724567
2319118
6005203
17794025
15668952
14388367
209526
15248359
17796981
17338902
12233445
17744375
17742005
454916
13546855
10234247
17797405
15996459
17799126
16985424
15962016
239733
2507477
17519157
12348686
17773788
5619687
13810745
11622653
9431968
15040481
17756424
17022493
14438273
13456103
17645410
1821180
17790460
17796288
13426506
7897990
1790647
3608459
17400532
13999841
11267117
17807868
2842825
4581499
8139266
17804893
17714408
2479144
11539676
17801942
17230900
15914052
16786126
17727727
13975775
17814749
13099777
14608616
17815297
8288171
16375182
10186880
10641567
9365775
16173838
17476266
17817411
17818697
3648670
2537820
17809225
17817128
12525417
2779469
17809695
12962112
17816428
3966838
17598460
15545246
12339330
17768744
1346253
16969866
17359606
16511109
17776071
17722658
16730656
12722557
4984498
3548462
17529834
17801934
17518971
17363834
2905014
17824475
17474538
5149659
16666798
17826759
17811506
14769544
17468446
17818839
17827050
935733
17789470
16361439
17795222
894178
13012956
3483757
234492
15514913
8682467
17832011
13924780
17737889
6096395
1061987
17818725
6372130
6387012
14781093
17719572
6488536
961234
16796226
3229230
10800255
16515466
12155751
17834267
17834677
14015656
17834507
8898308
598830
8240155
17393213
11163206
17818139
11760592
17444472
17836109
17836093
11327701
13998834
1915816
11365618
2249557
17652097
9068547
11223209
17836993
14000669
17595627
17543128
3041057
7275981
17831128
17381654
17818197
16001310
12243782
1932324
6164134
8955363
13469601
12500040
9861506
11900924
1735076
13152381
17458004
4059085
14189374
17176658
5081634
2674477
16744049
17833899
17822874
17848494
17633782
13123221
5231171
234504
4854389
17833724
17534341
17837179
17837277
17837244
11910873
6693924
2158176
13040472
17837188
13554807
17077842
15889161
17205396
16357383
11277588
11610506
17852555
17855199
11277604
17838166
11943814
17853504
10477228
17855561
17835913
17199953
1373094
15395031
14220029
17519171
17859817
3581482
17859862
15131781
641593
17105185
17727752
16217494
14237750
11021051
209528
11021056
209532
12209499
209534
11279316
3739122
209527
1875128
12439446
5726846
17824076
2328207
8223658
17837234
17864194
17857073
11034998
14114219
15231965
15567228
17634131
1023542
17855973
4398788
10157522
7210776
9220808
8970097
4904855
4944766
4281176
16844492
17872790
17773902
17856859
16592690
13228972
16882781
11234981
16882781
17856859
1987757
17873943
17857413
6944632
14155184
17873943
14869678
17454596
15474710
17871984
3640534
17857413
17733069
6907363
9882851
9882851
14528139
15336970
15336970
17666019
12508299
17876783
418167
17875788
5857405
5857405
15542994
7567847
1905104
17863476
17878285
17861353
17836418
17878895
2776789
17877276
12187781
2776789
3276305
17836848
15216307
17518986
17518986
1997236
10049652
10049652
1146619
4555038
13648882
1227376
1227376
17757781
17842783
12915466
12915466
17887078
17887078
11701903
14876676
14899897
3225977
12620702
16914859
10683845
17788150
12196751
7241594
10798495
10798495
17771109
17891088
17414957
14749387
17876490
12236587
12236591
12236591
12872449
12236587
12914336
13859034
13362785
12252009
12252009
13362785
13859034
12914336
12872449
3010194
1591403
12503907
6019239
13660391
17891950
17892551
17892551
17860235
17877276
6172199
17892185
6139249
17768659
4731866
13242435
17792342
17595364
11927420
17792342
6019239
17893518
17892478
17892478
2877144
17718230
17718230
13107816
8740888
3640534
559408
10080486
6018490
16983936
16983936
1345690
17893687
12447221
12447221
11021050
825090
1950366
2030670
2030670
2987953
1129115
1129115
13218369
14383892
17650972
17553433
17291197
17877972
17877972
14269271
9041050
9041050
17893518
11277605
11277605
11277592
11277592
7681013
17383433
9719962
9719962
17450957
7567847
17880304
2710637
9503488
518614
9503488
16206261
16206261
9868321
9868321
518614
12451228
603468
603468
5125692
11524539
5125692
11524539
15395975
15395975
13681248
13681248
17691377
12974101
17875142
16141040
17854085
17785410
5469551
5928288
17595369
17811498
17811498
13233346
13529182
13529182
17808088
17904127
4118932
17530138
17872433
15953177
15953177
11939273
11939273
3070685
3070685
17721429
17721429
5342964
15218066
17808088
5342964
16640295
17900104
17900104
1044314
17907881
11101643
11101643
2241060
9863301
9863301
17773902
17722532
7974610
7974610
17745260
17745260
17836418
522895
5147231
5147231
522895
6907363
7500238
6139243
6018490
10080486
11107841
11107841
8465693
8465693
17515918
17515918
6139243
17746600
17746600
5779203
17166367
17166367
11989921
11989921
2254848
17538465
13050891
13050891
17909935
4231418
4231418
964764
16225529
5987484
16225529
17662856
5987484
2987953
2485954
14749387
15408769
15408769
17754010
16234412
16234412
13107816
6172199
17909023
17909023
13933026
13933026
455190
17876490
3474726
17533447
17533447
17907628
17326295
14034883
11936885
17798371
17798371
12451228
17907628
3895585
3895585
8660359
8660359
4814202
14406134
17870957
17870957
10524749
17329112
17446778
17446778
6056860
6056860
5483548
5483548
17911953
7500238
17448378
17448378
12773648
12773648
17854085
14283594
14283594
17450957
12661760
12661760
14034883
13862101
17899428
17824347
15220966
17913292
14966979
14913563
12293391
12293391
16465182
11735571
1640786
17793940
380248
6415158
17910157
17910157
15267776
16201794
5497793
6019238
16499987
16499987
17803556
17924826
17924826
17924824
17924824
16522080
16522080
17924828
15421577
15421577
15267776
5595287
4515006
17836557
17109634
3862768
17921265
3109151
17928786
17595369
17928786
13259932
14222370
14411169
14411169
17823237
17823237
5788987
5788987
7733532
7733532
17930354
17929998
3505695
15972268
2301356
17670718
5578515
17881278
17932921
16516350
17824735
5728675
17922685
3999258
10043180
17161784
13452227
1618689
7201715
17793940
6436341
9595126
2305745
6474440
6474440
8424106
10819120
7062735
292151
2591556
13653822
2591556
13653822
13619942
13619942
10821326
10821326
8424106
17858583
17858583
5595285
5595285
3692244
3692244
5737120
5737120
17926537
17926537
2789795
14006760
14006760
15605883
17918456
16404435
2041854
17941150
17941150
12981290
12910773
13916815
13892126
13218967
12910773
13207013
13892126
14193968
13218967
13825547
13207013
14193968
13012335
13825547
13012335
13038682
13022598
13916815
13057221
13918940
13071581
12981290
13038682
13022598
13057221
13918940
13071581
17839443
6907128
17647445
4605208
17872718
862393
862393
17921265
17788724
17703474
11613656
2677742
17814198
16519242
16506517
17814198
17943355
17943355
17669406
17835411
17934446
17894499
17834432
16051858
10683845
17841391
17920000
15769506
14301624
3299549
11034692
15255593
17943434
3506880
9235803
5467068
15143540
8119108
8119108
17920767
17943576
15965967
16275426
16275426
17930354
17943576
16396470
16396470
9235803
1706477
1706477
3999258
12357024
12357024
3232832
14876676
5467068
9396164
9923856
17935943
17935943
17933681
17933681
17645801
17703474
12892683
12892683
14899897
443167
443167
17858865
3225977
12824843
13100065
16512107
17841391
16219750
17836622
17865502
8091730
17353790
17917521
3898143
12962644
8727283
17022670
17834526
4772720
10601877
10601877
15496577
15496577
17693663
6120839
17930309
17894105
4042080
17791470
17868443
17836635
17836635
17956110
5005120
5005120
8245370
17957465
17957465
15344333
13829674
17938373
17920359
13618617
17138874
13915536
17023147
17912711
17774798
7933616
7933616
17834413
17955446
17834676
14992589
7790450
7790450
16426041
1550260
1550260
17858898
17178059
15643554
6044828
8483665
16455644
17954132
4814205
4814205
17944092
7810421
8159614
17962053
17954812
17761213
17958373
17945075
11021050
9847307
17964288
8273716
17963774
17944787
17861609
17963775
17658792
17963778
4382616
4382616
1618689
16205853
5459093
209533
209533
17615721
17615721
17930248
8069507
17937484
17178059
17966485
15751131
15751131
2745740
3344753
2840479
2006899
15344333
17869721
16359239
8081345
15468733
17857934
12467648
12467648
14686426
14686426
10708932
10708932
5244509
17447103
17945815
6592977
11973337
17865502
16520115
4698395
6600786
13196969
3138893
9847307
6044828
12845028
8392846
16969867
6920426
13836942
17981006
17981006
17981159
17711016
15882037
17940410
17940410
17982535
16032844
16032844
17930451
12364271
2895918
11630766
15860882
17964978
17964978
17984115
12989614
10900035
17968758
14411904
17038973
17942519
15815335
17895139
17983499
732723
12373547
17454596
13002050
4563165
17920767
5765070
17822653
17055732
13797348
17507906
17507906
17988859
7093060
6854894
6854894
17968845
12138
17871891
2467327
12520044
17990933
11716876
17938373
17967945
4578405
2752849
12009200
12009200
15720962
808736
5346942
17994693
17994693
11204947
17978559
15720962
12944617
12944617
17991300
8025747
6560090
14503854
17995994
14503854
17995994
9929894
17893725
8793117
10796813
13989965
16914859
3492324
3020643
4563165
14702125
17331125
16505427
16505427
16629263
16629263
3797283
2734658
6263994
6547889
2551969
11105837
17093860
17963387
18004044
14333102
18003962
14333102
6464100
894195
15556409
724430
14727315
17378336
16587629
18010059
8369211
424840
10187900
14276827
14276827
17968865
11000496
17795853
11323944
7510860
3364917
16695641
3835224
15310806
11366984
5545372
1146980
4028096
4028096
17966541
17976776
18016355
10693174
17913292
1158969
2237294
10280966
18016355
9061685
16212649
12281532
17933661
15170131
17662079
18024990
13288534
17599425
17799501
18025882
18019595
16059217
17943436
15308938
17943436
18013669
18013669
18010663
18029690
6534840
4046427
7297415
17932671
11831971
12358972
12358972
15083738
15083738
17825874
18027486
9277662
17871891
17680444
17680497
11059771
17608572
1932317
18025762
16378920
11377818
17912657
13781595
13781595
17476975
14644708
18020957
17680497
10212890
16261789
9814536
4684588
18025795
16809677
18036507
17894894
14678828
18037324
10167967
2020968
851660
5138615
18023369
18034002
17887572
16032660
16032817
16032817
13661185
13533073
16032660
15270692
18019594
9803597
18019594
15219517
17599963
17803489
5428780
18041236
18041236
5428907
5428907
18045362
18003631
18045441
18045607
14257644
5570147
10813183
9630070
18046389
184370
184370
15086850
3375674
18045362
11823011
13797348
11989888
18049427
14516925
12998529
14257644
17850698
18053700
1582869
17951304
14973636
16164834
18019595
17957451
17493579
17493579
3433618
17963240
16180719
9595393
18015903
15735007
12736749
17769743
18000337
18058918
14529916
15811038
9630070
15681200
12821132
18059708
18055553
12519856
18059997
16253736
3725179
17950553
18065733
14579179
1815783
1815783
13426505
1750894
14279465
17956356
17011625
17011625
18040282
17156163
11780815
17773664
17799501
3586481
17902022
2789795
17696213
17932922
4809660
4809660
16516350
169080
15338070
17968758
16813978
13686118
18072394
18071988
12924929
18071671
8874344
15545711
18071988
18068855
8024659
13824528
18070952
5586426
18072597
18072586
11900845
17833789
4978890
15254565
13767166
12066686
12066686
12066675
12066675
12066754
12066754
12066677
12066703
12066750
12066703
12066750
12066677
12066690
12066740
12066740
12066690
12066717
12066717
2183974
12066708
12066708
12066718
12066718
12066722
12066722
2183978
12717177
13406677
15546870
18055180
18060171
18060171
7010091
18079439
7690021
4814191
17730371
17720208
232352
13441868
9746361
9746361
18080941
9238716
17960127
17836122
18052320
13673318
18080971
18084283
18079518
4015734
17864242
13313626
181424
7633982
17902055
16363539
15009320
18084176
2810615
13279876
17987373
14974080
18060011
14367457
18086462
9670922
4428909
18089573
3669708
11962238
11277603
12662066
13629607
18060619
18027798
14060099
18096715
18097228
17595208
14523914
5428482
15007068
3087546
18064405
6363406
18080987
15413090
8740899
9777949
18103635
4334139
12546164
18103475
7461705
9208583
18020172
5269362
18104034
2783013
18072376
12437377
7631340
214326
18090086
17202508
4771456
1686651
15876354
347470
18107094
13319348
6668896
13083057
18091571
18114056
18030647
11286188
12012990
10771589
18117761
10372173
18117622
18120005
15595237
2235635
1415915
8947009
17370354
4079686
18084721
12469154
13024284
18079527
4860360
18124714
16014508
18112335
18125523
16045369
9616331
3277468
3194160
2580934
18051933
13712940
14814653
13313790
214258
7036132
2639181
16066913
6714352
3358136
13105795
13105794
17907262
11387488
11879589
7530493
7121349
13911037
18054960
6608562
25294
12972294
18132818
12989572
6213952
13387962
18127927
13912588
1901017
18079515
18098334
17953911
6314221
14371474
3835223
3880373
2991244
13629178
14089340
18127229
18103487
13272503
407544
15890849
2561438
2765571
11998532
18143200
18144352
3677826
18100058
18086057
17933027
17611636
16805962
10803730
8592361
18132484
8652545
11214978
12033659
18111376
3682109
16639008
7146300
106565
1328522
7237163
18024825
6298105
13863897
11324548
8280817
18099777
641599
16718775
7576513
463233
18079517
413555
18079523
338065
8653652
4260649
272142
2497301
6628696
17577081
11180836
14589668
6813435
17797243
18099789
13752763
2623552
2024899
15343415
11636334
18158800
18146875
18107139
18145065
14926217
18101009
18141956
6690194
4267864
4752632
18032049
18067938
6374596
17466289
425835
18079537
18079532
18106163
7635976
17198168
18121734
15800948
18081300
15467180
15450342
14022343
18079519
18079536
18164190
18079521
18099778
18167001
16786261
4903749
14446663
17461596
17982413
18171402
3715165
17882960
18173085
18173084
17818874
3516260
18164167
5897015
1027534
14773614
18111459
2079304
1001239
18178963
16286537
10294862
11068212
18055870
17305564
16452993
16344927
18181220
18181194
18181326
18181158
17702131
18124305
18124306
14286416
13561982
11277596
9793241
16157499
18182292
10261461
7112476
17984984
18084855
601840
18079531
2692248
11403728
8755137
18172021
69960
15782439
13028953
18184843
7791582
17835497
8016893
2674460
7586743
2674462
14139688
18184846
4773574
3333568
2674465
2674466
4476256
455632
450382
4621706
455633
3345775
456531
7940978
2674467
2674468
14275502
2674473
3270859
453262
2674476
2674479
455635
16677168
17950185
455634
16609974
14459724
18138428
18186134
17799854
18144756
18186066
18185094
17957456
18186856
18182074
8126436
18182485
492679
18189667
8786726
18072242
5786007
12915703
10705311
9070125
15460288
18193142
10526417
17835992
8808240
12706578
15840990
2455322
18191266
17467853
7971968
5377869
3562442
18169448
3678196
646075
18197046
18152351
7259719
3270860
17903048
12740084
18169374
2674484
3270861
455636
7864307
10463431
18159979
9004419
18099785
18148666
2521614
15483463
8882167
15467179
227680
17832212
17769137
12773464
2458021
18144378
15467366
18196240
17834445
1028461
18198224
18136561
18217230
18147714
1328566
7027687
15577504
7038120
10928922
17450341
15345268
18214256
15259702
13699063
9551582
16357295
11134737
18167831
5739421
18216655
18133660
72701
16447246
18180856
4334345
18172271
143209
18184239
18016356
8907813
17321732
18222815
18170114
5001048
18224729
18224936
18225505
15480831
18224777
10852298
18070496
18093632
18197866
18153846
18007267
16130596
18231489
14862596
2902683
15825742
18169987
18221891
7262408
18179079
4575444
14583310
17936235
17790459
18231244
18169260
9317781
15374544
6290151
13620433
2599357
12152509
13217891
16358799
478008
527442
18228459
3999910
18239688
13891069
18237716
18079535
18178970
18240813
6401894
5162197
8827276
7062174
17706556
18112446
18219310
1621927
16281843
18112575
13769284
18232819
18013020
8281991
1337474
17892370
18224840
5227590
16741042
17826128
3851683
3848579
16024389
18244450
18222539
12563989
18192701
11910434
1572209
18016627
16313520
8135987
18098424
5808643
18140593
18236120
8376780
9940797
14664767
18253875
18253216
13497825
18254749
3998657
1296499
16887291
11866494
10905658
13497834
18254782
6907123
13742354
2495321
18145165
18257865
12505143
1506750
18140805
13497826
1743414
17911711
12417501
7366380
18216830
7955725
13782974
17602699
14503163
17698721
1567990
16866121
2988607
744145
12546
9953386
16025122
17011130
18083783
18099538
18268050
15484281
16409878
3009160
18244707
883910
9212480
13601544
2959487
16641533
14878176
15639296
18264168
15078602
4297469
18258731
6763684
13176984
18276121
17873071
3925127
8497232
17875925
17253777
11791449
14713099
4849303
2283504
17901907
17922202
17067949
17664765
18283823
18276394
18266016
15980294
18139922
16526186
14947028
10270870
12692832
17685773
1427463
14730027
4520418
18084339
15431285
5446828
18181016
2708487
18286136
18290189
9155838
18289941
11927405
18270187
4065732
163178
17198421
10669198
18289462
17473718
5116965
9877294
7418643
18296153
17629008
6618875
17901810
17903070
10676890
17475503
9750340
9072038
8554244
957372
413344
18265461
3066694
17773581
18277686
18258092
4234595
18168199
11543459
17943094
18297689
18259903
13526024
18166482
18042565
10917574
18297026
18161987
17849987
18222601
16867186
17834422
18290268
12370263
5015173
18304554
16200291
18055453
8824225
17883868
2810426
18307109
14065412
16827064
8747327
10780876
4614751
3856845
8556774
18086446
18302182
18044612
18006888
18266432
12030102
17982481
18315331
15168773
1063274
17902019
14951485
7044613
15058037
18289491
16030038
11307810
14785017
18287626
17879916
18316372
15415797
17903068
11451272
18319956
18290410
18319093
18319664
18310164
17557191
17903054
17808215
18307577
18316954
17883864
8874869
18322766
17803206
3380588
18322494
10315211
18321499
12817794
18185833
9023266
18266439
18228568
18178515
18249927
8424105
3504645
18323086
5994558
8424059
9328454
18297676
18328229
10662400
15070952
18302532
18327937
18177986
14328276
8297368
17298513
6065912
14114867
18330076
10629134
17455018
847263
18330863
5377876
18288536
18018059
5377870
14775373
8261809
18303624
18303453
5377871
480311
18330788
16271174
17903072
6936080
3358651
3477999
6881350
18099791
17605013
17903057
17903069
17755675
18331138
14053766
11962218
17901947
18291325
11913780
18332020
18320335
1281137
18109918
6753556
18112355
18324683
8074670
2853684
16585518
18289151
5899975
18337622
18119596
18288025
1763325
13804463
13013790
17877957
15166817
18082628
12742167
10077220
2506058
18343837
7175188
10038975
11211802
10304484
17944225
395195
18154138
18251588
12357112
18086376
18345804
8958591
17614882
851385
5007347
17193731
3385458
17903056
18003592
13486723
7921261
18322822
1520049
18079193
14878381
17883865
11292882
18032696
2415041
11233919
18347549
9257255
17043314
7470238
17903050
17716349
18323877
11351332
15009016
18319809
2159076
15159829
18346386
6401900
18286067
18351463
3461246
18321993
18351889
18352037
18352119
9506636
14140566
18353794
6806570
4279627
18322280
16794344
18336937
17473726
18302421
10167970
10213587
17244749
4826945
10284349
18337296
18358975
1929432
16269480
5367346
12303471
17877958
11810672
17415639
9972295
1886599
13505805
6457515
18363186
18324676
17193294
14319401
3865626
18363955
4069444
18359274
7058649
69844
1959899
18365653
6101999
12507467
16930306
18352118
17903059
11400868
3219879
18342318
11509514
1027883
18316485
12095013
18369819
18368661
17081763
18346990
18102458
18339177
8237815
214312
214313
10016267
16506918
16249555
18370469
18366591
12265694
4194708
9209370
18293263
18312921
17077298
5423145
18337401
18350581
18336916
14806692
11206814
17067188
4581431
11246766
9497134
18372769
18339684
9564818
4489194
16345973
4646289
15652756
16047780
18381255
15931665
6570207
18380085
4084890
18252962
18383891
6132675
12164445
5612522
1027881
18385756
4772981
3589239
17679755
15654534
6598897
17892204
18387826
1079140
2049154
8834615
1027886
11206813
1095064
8583383
12647929
18112966
14964369
18224418
18291005
18333947
235146
18393007
16229787
18394222
1096464
18389409
18265728
9963041
17406990
18365331
18354547
17113772
669691
18391845
18266429
1051332
10382325
15250112
18384850
18288342
17037887
16995157
913184
14065919
14735546
8958592
10893829
5075535
14883416
17585791
18404393
18280207
4610714
18275777
18391321
13820000
2110645
18385569
620695
14612996
2287552
17834377
10310443
15363811
17774436
18093285
18335856
18406459
1485246
16072567
11615690
14964468
17867008
10391151
18410436
18410085
143207
18268197
6558118
11994044
2701472
2587865
12936319
18315832
18410941
4425131
18316441
10032842
9938792
2629928
3757617
18418237
18418661
18419138
18379988
17847900
1082751
4702066
18420297
18420196
18367576
455196
8786745
18420739
18296032
11724104
18238044
16812969
18390429
18404216
18295116
1280680
17703475
18423114
8466836
18411879
11008503
18425180
2960977
5062810
9566163
2235627
10894846
7921260
15591154
2480503
18412225
13127500
8013063
7760363
16963855
5831238
17798485
16084472
18030868
18427796
18388876
18022558
2252882
18434461
14201868
542240
8817251
16750958
7921259
13634724
15333961
18436993
18436997
11246764
18181234
12572342
18414289
14764499
14879569
328454
14882814
16685393
9094084
18437852
16685011
18192154
18439485
14891725
15161402
18307679
16800178
18438226
10738051
7039919
18441896
18440742
18243166
15474323
18443759
18445739
18446152
424824
18445884
18439080
18448726
13030619
18277529
17761340
18444298
18132131
11427678
18450864
15992879
8090498
12732735
13327222
17102782
6958334
8000573
928414
18191756
12950298
16612588
18334910
18426155
11880389
18384197
18447816
18443141
17855570
18372181
5587139
16594858
17463684
2262174
18433000
18331758
4801175
18458606
1625237
16282705
18334599
18171146
18357738
18138054
7131250
18413351
12738465
18303531
7609733
4184183
13029093
18462319
18179088
5737081
16490664
18421418
18383999
4984494
17982400
18411797
18122556
1396802
13465921
18340846
18220219
18066891
18478214
343651
18355894
18465244
15028429
18101809
1056319
18070956
1223767
18344459
18480724
8195729
2202656
18226225
18482035
18478350
18336294
18482710
18374450
732715
18478110
18464768
18484827
10152409
14223851
6294733
18394641
18487077
18485552
7342784
6991905
6295105
7724106
16341030
6668531
5598061
15733937
16105196
926050
18489214
11059496
18148266
7053856
18492065
18485626
1079141
18454176
18442230
18462263
18450983
15160377
14598102
10566894
2573570
18330739
15496578
18493634
12997197
17833813
18482054
9114022
16882476
15867930
13919375
18490710
9542916
14726688
11893287
9944972
18497217
1960110
13801616
11100597
18442711
18497949
16615531
12879544
18465312
13574095
6368803
10747217
15103054
18112590
17881460
18112833
18112957
10167968
18490711
18462259
15144790
18503069
18507557
18462042
18489215
9404092
9643535
18379774
15146321
10142734
18495432
9537702
14698418
1500241
7100864
74688
14133334
15503716
18514184
12401563
14250156
18440743
864881
30068
18428627
18513423
2891213
18152742
18517956
16611223
16339122
7053859
18372784
18512876
18380174
18251760
14318360
18520443
18265411
18502250
18344604
13868570
16836027
15035735
18519465
8888307
18505939
16345413
16345414
18489220
18489218
7338116
16926211
11912952
13916862
18275305
17903361
7299232
9743212
5899923
363700
12291317
18534756
9397541
11510988
6658459
11707239
12960029
13886033
11663504
18529393
18217904
3757606
6703702
3757611
3757618
3757613
4960547
12591840
7936403
18541885
12444462
18527178
18526780
18022750
18422186
18481207
17785239
18489221
14573599
894197
18532371
18425310
17686285
18489644
9290581
12758952
8808162
1141269
8093821
209536
3898596
11755415
15519570
18533439
2891212
14686878
2383233
16747238
8035776
18551315
18117617
16734915
18181278
467026
10092983
18519727
7192842
18514522
16994284
18035082
13310345
17093345
13000115
18428588
18428636
18428580
6368802
11703335
9954052
10168857
839230
18178303
18428622
18521495
16453148
18428591
16080431
14464298
18551579
18545673
11453366
17000188
18054940
18512726
18521493
11676571
13743822
9878009
15234020
6143361
18548789
14919451
18564656
6660319
3624658
18536515
3716539
3557001
18568247
17812130
18321869
18109875
18531386
18309101
18125147
9147890
7912654
17946401
18555062
6929900
18570961
3440858
18572072
8455343
18515293
18497777
1906273
16355182
16414896
17507905
18564510
9669938
10512446
17125235
18279999
18577241
18567295
18331877
18529395
14492533
18571362
7721209
18549305
18514949
4395158
18578832
18376776
17903073
4814646
17714820
18564156
6644694
8720195
15941324
18218557
18223662
1916557
18494938
18551043
14721597
15460282
13505304
18581337
18582474
18514873
5149685
17097695
9491854
17861438
18566102
16558977
18535564
6024251
6024246
13775586
18536370
18585323
18532760
18191855
1037948
17910061
3210290
16007596
18579204
18489219
15106265
17383447
14599468
18351637
17622988
2166617
18331114
17485509
18332889
16787721
18489873
1837737
18536350
17609723
17286915
17993714
11114997
10980096
18571550
7403978
16433413
1280637
10808891
3285691
12235372
6366731
5619684
18597969
18529380
17701164
3350426
690807
15987140
18556963
11370670
3065576
18603945
17547709
7971971
6915007
16114965
18605118
18608720
9366523
18599600
10155615
8739556
18514380
18509077
5899921
2436480
17849702
18588812
18509661
14257714
18380066
18588815
18620224
10822724
12528451
18584963
17168462
7654844
3300953
18596589
13905992
17992515
1641814
18625354
18240495
13900642
18508103
10457869
14000593
18615830
17909581
9226140
3323289
18631858
18628807
7629029
5570150
15697910
18637257
18611077
18143110
18276392
15622896
12447282
1738614
18551401
18620870
13284690
7385831
18439119
12768853
18641250
18592587
18647093
18374683
18649526
18649944
14293698
18582207
11925544
3826232
17752885
4813889
965628
15977164
18558327
18518049
16142228
4110608
18577300
18655180
18610310
18647057
18507478
14127115
15146098
11363838
10019313
8024744
13321866
11349907
12710432
16257827
18655292
18601798
16834479
16030655
16568714
18661627
2352196
14025880
11450793
18661439
17834018
18365111
17878210
8618083
16508131
11884474
18635355
18669845
18671047
18671163
18671067
11171408
18671076
18671046
18671097
18671169
18671044
18671350
18671298
18671441
18671303
2653104
16424438
12528959
18492819
18424988
17903053
15910383
18673831
18673499
18673979
18602339
18673836
18674019
18673842
18674043
18674096
11519840
18674104
18296069
18674137
18674094
18674188
18674312
18674128
18640647
18612830
6872025
5515390
12527547
5539124
13997595
4272787
18108104
18671579
12529852
8371062
15013073
18515948
17599388
14420750
18677011
18674141
18379616
14868826
9163337
16360073
3954098
18422544
12444474
18581981
18641289
18668277
11850531
18135617
16419897
18681399
18089418
18670105
18308491
18624640
18500197
16095837
12444478
7578405
18650151
8425185
18680401
8922060
18598063
10075810
9148472
16366900
8823007
10629113
8260856
18631258
1406928
12694320
18489120
7687243
18134592
18696110
8786758
18677105
15146169
1997687
17976538
13057108
18424009
10040059
18662004
18701000
11720517
18570125
18586492
14810363
18452775
11277581
18509318
16881426
18703911
4814456
18704231
11277584
18508152
18696947
18565769
18698854
11277602
18696865
14203173
18625632
18676742
16839191
10090883
18707648
14121753
17903058
18498450
18322889
18584126
18708956
18710634
1449485
18711011
18695285
18711293
18353485
18712819
7585751
12272462
14210640
7700415
11458182
3895296
9545764
18619074
18675537
14938575
15421566
6231821
18394278
17953992
18511948
18717352
449555
15641648
17664167
11169245
16741843
15285600
2755880
18712199
17784945
9711736
12414123
16376189
10235460
14536542
6257723
18163656
18693461
18723586
18178988
18232667
18603318
18730865
18731009
17612171
483748
18726298
18325802
18181268
12034201
3699060
18489217
18549194
1148798
18734787
16734979
1039454
15741083
13051026
9822347
18623259
18701780
18150322
13927083
18715338
18663543
874146
13830170
18638036
18345038
9446302
18570736
14897474
13813051
18723055
389836
18409262
5910613
3761780
18263008
363317
5910615
13994469
12527542
18179090
18744399
11479743
9758869
18654988
9492783
18708803
18712784
18518552
12905021
15671096
2079411
15734515
14702777
15086334
12089906
14738674
3757607
12839421
16293636
18760342
16468276
18762542
18762606
18279048
18762585
17738201
1728418
18019820
7915819
18762663
3176730
18510605
18499969
10985377
18747765
18568050
18080346
18477949
18767650
18770615
5899950
5899964
7776117
1418248
18772161
11777146
18350008
11478333
18774890
18764898
12272461
9921210
7034560
18595398
18677402
1607449
509142
18655910
7426400
4365522
12721018
2164597
13804186
18398590
12291331
5612783
12423886
18785400
18057425
18253783
8966806
18719003
18769905
18643551
2244954
5981458
10526822
18684496
14038714
18725746
5270038
7695685
18191563
18734637
10342447
18725381
18556348
7833599
13264025
18791176
18787028
12324888
18798722
18798793
18798808
18798725
18798785
18798784
18798680
18736760
18798927
18798976
18798990
14529387
18800345
18800421
18800423
18800482
18800550
15619161
18800456
18800555
18800637
18800697
18800621
18801265
18801908
18801763
18801824
18801837
18801851
1905557
18801858
18801762
18801867
18802051
18801857
18801902
18801983
18802128
18802139
18802076
18802158
6486970
18481119
18676338
6429500
18760331
1572233
18804034
234491
18672722
8062568
18655159
18804852
18805853
18640154
18623414
18785737
16305840
18760659
2330163
18267015
18736378
17297089
10201811
14227443
5364192
18801044
18700332
18564267
17015169
18812990
7612132
16261243
9580610
7238855
1482481
18785234
10619528
17903063
8438101
18405441
15981097
13711709
17896494
11656964
18818779
18724299
18713476
18667409
15676888
7885327
14301610
18675051
9659576
14772073
18687521
12206150
18823342
18822082
18808629
2129358
18820172
7972001
14170234
4600043
6531759
18822169
18833456
18676594
18833561
2180615
18370728
17572684
18794642
16208754
18714557
18570732
4801893
18833506
15809535
12103748
18824736
11436192
18835561
6619543
1778110
1011896
18836792
18807664
16513743
15932776
18824761
18814177
18611029
16929315
18733021
18266435
9573335
2687532
5899959
15979859
2879469
7725276
18844799
11277600
18845131
18823228
18058970
13795833
11416317
18365112
7846905
11277598
18365113
11277601
10483968
4892590
12428324
18845559
11277574
18847333
18789896
18785482
14416969
12810982
2216552
3839250
18724968
232343
18850428
549480
18850924
16123334
18851601
12402749
3713601
6982336
14448463
8027784
7374088
17218526
18710007
13615484
3735421
18749159
18861249
8205614
18850948
18601267
10842934
10247846
18866680
17786551
18799089
13898889
10224503
18146331
5318082
18457359
18848711
495962
18608855
18323503
18852759
18824715
18478156
10272085
6630085
9580623
7914437
18616741
18871822
18836289
18634938
5538853
18873698
18088252
10169928
8262142
16032581
16361965
389650
18775683
18878410
13939595
7785687
18810387
16250327
18824019
18882830
10546229
18846880
18887300
7861306
18880584
15361774
18652088
18869004
16086429
18730848
18889519
18848231
18892908
18752062
12497166
18893505
13807249
18870770
18894650
18164371
430418
18848542
5146782
18529391
18893587
4926407
13943856
8423485
18836658
8290338
3137019
18900141
18900463
5892546
18897089
18453633
18880317
18859799
18901128
18585356
18903618
18882967
1832013
18749763
18266925
946530
16308724
18591656
18712929
8464983
18616270
18649613
16368608
9953377
18655081
13397160
12357117
18804211
11167715
11855557
18649864
16239564
18762470
18378413
18818566
18836861
2785415
5440929
18876182
8067063
9719290
5118222
11190737
18921360
18921917
6752674
18918226
7305516
17994574
14011997
17516451
12977763
988299
18905481
18926412
18675504
17690588
18671161
8047411
18671387
18671122
18671074
18671113
18929932
1275359
983296
18931435
18674172
18673820
18673813
18674099
18673801
18674121
18933140
18933677
18933108
5696662
13967412
9851045
2352218
3973355
12405681
18805397
17032025
18918662
16936331
18937991
18935827
17883866
18935923
18937291
18622340
18675240
10583541
18809945
15749277
14389150
12017273
2254345
17787798
821368
2495463
18231936
18873241
18097742
13251059
7041266
18844697
18552301
13974494
18892597
7294553
18191856
4308286
18655018
18950103
8919182
18840291
18916118
15671099
7184944
18406790
15377865
18934505
3847998
18713171
1915002
17133868
6051839
7416025
18774191
18951685
18736368
18953194
18280000
18090337
18910657
1955520
10427865
1018494
18956545
9954854
17174363
8234705
18765744
7009557
18949951
18805677
18800775
18940598
18954526
18965886
18932552
12261939
2239366
12497400
18897359
12574201
12556104
18965149
4184405
18967354
13752542
18968088
18886827
5039049
18960179
18968909
3200426
3186217
1905559
7987651
5036474
18972333
191771
18960554
12910386
17738601
12440531
601063
18974279
18808484
18863569
18975263
18838155
18633965
3103827
18003854
8613765
9261393
17874226
6825056
18957306
18977603
18978788
16511568
8641613
1565618
10167964
18540446
4818258
2245399
18986950
737680
18975249
18893161
17638349
18989373
18988003
18962366
18988737
18882608
18983457
6376668
18739381
17323004
11538402
18892942
17559044
18955211
18902420
18994513
18945861
18972123
18995848
12263089
458059
18859854
1576983
18975005
1570390
18684964
18999495
15178602
17574496
13580919
18963148
17034280
1508413
16687761
13720940
1886316143
15014580
18955905
18729116
19007533
8935584
18564629
2495465
15842097
11671545
17458408
19012026
18920585
11552856
18807110
17901910
14749619
18957548
18736387
18977111
18962078
15564257
15752095
18983200
19017389
8549759
10025324
17334378
18801878
559952
10972276
9827491
19026581
14717548
18993075
18530497
18890041
13045677
7006036
9201731
4580018
18121507
18871455
19001168
15912841
18728213
5899966
15844921
9175888
18993270
16881415
18144776
12042845
15441981
18808488
3657811
18682110
18736355
18822344
12444461
18996839
18988729
15268890
19038242
2855490
4488437
7082210
7489488
19022860
7132319
18799011
18798727
14617217
18798673
18798662
18798771
19028589
18798672
18798916
18798767
19042117
18798995
18916784
19025349
19041803
18800520
6923912
18800515
19034325
18800497
18934175
18800701
18800532
18489597
18891157
18801810
18802083
18802103
18801794
18801882
17168618
18801877
14717557
14717551
19044003
18844541
12980453
3872547
6702936
16538116
18301433
9326577
18998150
12439389
9586070
18798730
11017501
15656291
19048771
18800719
868240
3039304
13667403
17699990
19029323
18998913
18942866
19056807
17162968
19058735
18455394
16329568
17890099
17901806
8037297
18066247
18161142
17901808
18962783
18684757
16976934
19028210
19060113
18653614
19045331
18940997
9474058
12444477
12444475
13903086
13670539
19064097
14384889
18973580
18736366
19063772
19060402
18654042
17985428
18200927
8820919
17766183
12444479
12444470
18972979
13395188
18838778
19071957
19076083
19076881
7554584
8858412
19029990
10276257
13023227
19077246
19077526
19077966
19077146
10639875
18762628
16269090
19078794
17945440
11706408
8308138
19079541
9274338
18966814
8373708
19078828
19080834
18879729
12783613
19081972
18924737
18075169
18682359
19075030
19042152
18987857
13944133
16436538
15092958
270231
18803353
19086119
1448519
10078628
18722017
7178756
14461068
16941894
15744195
19093238
16867727
10466978
18793145
18988170
18869965
5249934
19008466
17892250
19093905
19082432
5099765
19093824
19094602
5498470
8848
7928150
19095861
18233104
18433403
19099196
9198372
774379
18973143
16692499
19104388
19034763
19082218
15843356
17534377
18576395
19097058
18967159
6795614
3325664
15189263
17956910
19109234
6323267
5549584
19109215
18882692
19062462
14536033
19080436
13845464
18797048
18691639
19106174
18261726
6100590
19084162
18320236
19105954
19069271
18295034
15525768
14821481
18972638
3879700
14033992
14863084
17207169
17219701
14170888
5899963
5899976
5899969
5899962
5900015
5900017
5900006
18006762
18862581
18580996
18808486
18452010
1113249
1991081
19124566
18991645
18806053
18732300
12852846
6036699
17523635
16783773
18957136
10139955
19044211
9839595
18227222
10274900
16373692
15969956
19116771
11188887
19127056
6143368
17505330
3175210
14603543
19117752
19138372
4611458
11194826
16991254
19133670
12521113
18920618
19088727
8864270
11058537
19094957
19110411
14216203
14212778
19095734
18945279
19140780
14201121
18489001
19220683
13562650
8301228
69780
16445487
18696867
17861086
1093423
69779
19151269
17019778
18995699
19204576
4360641
6563887
1085658
12570160
5678431
19088757
19097281
18623066
12657917
19132273
17214219
18750580
19222212
19150305
14943538
2805326
14445167
7590599
19129646
14812913
19222920
18980391
19174085
13573508
17229830
17667550
13648100
19166277
11416531
14247240
4958061
19088621
14169588
19195236
12188357
8420901
18650285
10250846
19189286
13001418
1953798
18029731
18240619
12040131
906822
18619430
18795191
19237972
19220268
18873104
19118914
19237696
16767962
7601925
19201508
19235956
8468808
15565118
9954169
17720142
19223091
18737824
143208
19216303
18331137
19150124
18181351
8961937
16386395
19238980
13290016
13832131
1064263
18736353
19240465
19046647
5840158
18913937
19242634
19241338
19181762
11511001
7650279
18953976
14897240
19231187
17699991
8039546
18934636
17662976
19153778
19238738
19249335
8840141
18028945
18707938
15010701
19195220
19115792
14366792
19139694
16262114
18511489
4542516
12961352
18272779
18654021
7695356
13590155
19126762
19226063
4270592
2569466
15378338
2267244
18598721
19031538
12309323
18598718
18676601
19251854
19256154
19239583
14184645
5635851
19216463
19003199
15284824
19255280
19161650
18808483
9103403
19258712
4011797
19258987
13578796
8534791
17593312
13905648
19245873
19189311
10296555
18845877
9671762
13711574
19130467
19246771
18957097
16673706
10383099
5078458
18798611
19239752
18800481
19254160
13024782
19031719
19217588
18800458
320268
16198446
18869239
13182719
16297724
18016222
413485
13801649
5017060
19157414
6786102
19107699
19272828
363709
19124200
19190686
18674763
19256119
14507193
6100588
5115097
1463091
15368333
11752806
19145646
17700602
3608554
15073412
19277887
17324956
19281271
19247749
19246136
18706439
12652272
19192769
19246523
19184528
7924505
14908747
19225888
14973595
19286044
18157808
19208930
18991001
5125821
18261551
11406247
19169436
17699989
19286305
19185912
19287482
19263159
9590507
18736365
17699988
5635849
19279336
19113100
19162489
19273550
18808485
13250965
16755443
17110811
19289432
19278651
10688599
18766082
15220703
18316888
14919508
19283687
17699997
18285700
13560928
1659101
19290189
19288642
12563990
4418051
7082215
19224293
17719034
5750355
18145743
11152420
19298750
17893674
17928701
6243525
13274127
18631288
19101030
17058360
5749010
816220
19293018
13550274
19285239
9038405
18516565
19304997
15483781
12958428
8554212
19302727
19143591
19295212
19309195
4501600
18934073
18569560
19309420
19309633
9119203
6115000
12077283
17050116
19303218
11306975
6300704
6352281
6944490
8861794
9295929
7507646
5752867
8992630
5635850
5807332
6347320
19309702
19177246
19304769
12732152
5635841
5635843
4446044
2993385
19257187
6969883
15707440
19287086
19269328
19311093
19114640
12263088
19290030
14358243
19179436
10800354
18927825
17846803
19176776
18736374
19267400
19090072
19307732
19324037
19324761
13106626
18497482
19182404
13865945
19044368
19325813
17699986
15968732
19321931
9719296
19277053
18622235
18927726
16963792
19329126
19078364
19287092
19173549
2401665
17548692
18366699
8058
19105980
2711567
19300312
14635061
8059878
14833405
19169716
11103639
19239677
18335978
16074342
6527144
10141134
5660186
19174086
19262684
6989698
8531242
19324866
18763752
19342934
19341210
18745473
18620780
7666994
14161778
11270787
3617694
19311237
19344810
19345245
13964140
79622
19346559
18559324
19217271
19087613
17699995
4228620
10125829
19270237
17995259
412045
18426965
8709688
17639554
19350192
7691136
19046205
5860704
11192901
19159139
19106280
18429692
1176018
15031269
14049890
2116540
19348120
9685611
12942186
11403069
19205203
19361243
5487152
19349027
19362052
19345495
17891535
19144349
11067615
19358294
6799112
19361083
12672387
19365452
9320345
8154778
2234291
6470059
18808487
12012989
18512049
6381527
11570717
5327024
12968170
19365724
15658048
15628222
15628223
16142939
17137770
17137771
15628224
17137772
17137773
17617391
17452540
15628225
15628226
15628227
16734564
18583049
5310106
19335672
19307810
12158262
16640740
18638100
18633966
6531815
6817167
19377292
17892553
19378483
17324949
16441275
3223056
12291313
18916116
16559569
14740468
14612978
11165907
19376637
999392
17210322
19382171
2791965
9067206
19376475
18320487
5108680
4814642
12730414
19052792
19224504
19383458
19384657
14266133
19369504
19318641
13709757
9151675
19387697
19138283
19298739
19356905
19369956
19392248
7293477
19384667
18387588
18701159
19394441
19394440
19081609
19386593
19370298
19289887
19380212
19378932
19379414
18914591
19395398
14513967
3759593
13816380
19395919
4788520
15062068
13634912
19398409
19073466
19354023
14929209
6016179
19401072
19401529
19402006
19384756
13522439
8288159
7035685
18551890
19345539
19403855
19078523
18022817
12569810
3300247
10251766
19184381
17640169
9328768
1716253
18054127
19255880
300114
18852564
19401491
15141393
19378887
19405266
14437663
12776271
19410541
19182812
13693251
8364578
4344000
12356920
19374116
2370832
19414015
19219656
11277597
14635573
4542859
11507472
19417808
14612981
19416281
19349023
19363745
19270898
14717552
13217499
10232294
19371396
19421180
15868891
17988722
19421855
19166111
5547974
6952963
19131461
17739134
19278873
19423913
19423841
916170
19420566
18749741
2772857
18988009
13385825
19416683
7605908
12673356
15074516
14615375
19397970
2646996
16381284
10309074
245904
19420749
19421979
15812038
17998309
16697914
11459978
19432791
19420750
11516912
19161321
4281705
19418718
18276046
13908420
19438206
16113714
15105168
19206985
19423191
19405685
19440361
19440149
15917331
18194064
4331061
12606676
4052248
19427260
19422049
19445866
19436363
19439072
16697916
19439046
19268892
7235896
17481650
19448544
10590053
19433695
14229831
9468787
18431443
15483783
19199337
19451410
2627172
15044953
6582709
17406803
10459494
16770920
8622460
19451217
19316884
15011829
16019425
16555479
13794489
1104638
19333679
13832965
19463948
19444638
6080968
19373242
19467025
18752890
17699992
18847821
19257353
5698404
12998528
19332910
15896389
2372311
19441343
19441537
19409095
19273885
14419317
13930923
19455478
18721006
18598720
19438207
19456661
19474605
17764282
12769856
18603437
9376541
19443476
16320904
8341290
18617945
19360210
19478114
14140714
19439043
19421889
19415021
19480419
10011935
19464746
13230798
19415608
19028150
18466203
16373328
8972540
19307833
19482917
2084241
11989922
9887286
19482129
16220617
9669929
17031360
11396654
16168047
10589100
9368995
17429767
5899972
19489164
16091771
5149676
19488511
19493582
17324951
19502892
19407804
11537083
19420072
19255881
19499466
19505856
2202225
19500995
6692592
10878543
14617032
19404973
15627774
13175965
18103582
8043334
19240333
19501956
11864788
19432290
19470910
4869102
19401627
19399429
19515791
19507052
19516158
13738053
19503988
4769637
19156109
19520593
19501341
19239796
14717547
12898115
13786183
18105038
18560449
4985909
18371455
5668443
3163276
19329842
2601716
15014581
5808779
12997782
15962895
5754868
5819079
10405221
5752781
6289752
8687015
12287160
5808135
5692181
6683707
15306264
17776868
18971464
6003643
19482854
19302486
2508978
19513993
549483
19151859
8709353
9204248
19446601
18900183
19097950
19116241
3047172
10458356
19540037
19334827
15087218
19529976
19110914
14717549
4092198
19534955
19470891
7525671
11463539
16404943
13522279
15120468
15120470
14717558
14717559
14717550
10248023
19540909
12262139
19175377
2031627
19150125
12309354
18280878
19228764
19161580
18163797
19352604
2852487
9093889
19530799
19045073
1227045
19499674
2752680
19552317
8806444
19535267
18867688
14633203
18372550
1078063
19541221
4083034
18873242
19323255
19544369
12078419
19523104
4448319
13444236
13912659
13983630
9974793
7824671
15187789
19534924
19566375
19554165
14517675
19550389
19225049
19566879
3376185
19527555
11671544
19507280
19562147
12843491
19373865
15703960
15319678
2181052
9404094
1894256
19578409
17334825
15737096
19501359
19561667
19535442
5330121
19150845
4545813
16081927
9586374
19559654
19584637
19563850
19317385
7758258
851379
16010662
19372152
19576856
19244986
19518401
14634891
9579074
16117927
19529031
6141062
14715551
19570504
9097682
14013908
8296583
17638370
14013798
19588100
19421557
19567501
17102785
19095353
19578725
19598534
16844491
19550800
6965622
18675033
19489916
19600555
18896840
13872015
19205824
8772756
16686903
16404389
7009556
19523901
13814361
16297719
18858862
12035249
6125299
14453534
17324945
5746685
19525387
19034643
19529258
19611951
19582894
19517088
13140240
19509812
19441603
19521312
19603197
15964763
19617724
19617245
19568228
19618030
2644742
12029993
12029997
209531
12113266
19620680
19620503
16052
19192324
18009397
13032239
19622698
12283327
18072156
5922537
19585458
10465791
13308796
7068592
15446382
18148803
19600470
18816559
19060672
12276876
14478398
5377474
19093770
209541
2959606
19585708
19623557
12364059
19299048
19144884
19303073
8837932
19631342
19570178
19631803
14001861
12439294
19620758
5364863
19616732
6680101
19629384
19375598
19469553
19495114
9569390
19365046
19635233
12608633
6329745
13627225
19550408
14650147
19142034
19638737
16783806
14604685
10220172
19332025
19630566
19203802
19176820
3796480
19615616
19478898
16058752
19631594
19640449
19647046
1508411
11336109
4683683
3399122
1865198
4379429
19039516
18324730
9583144
19502950
19561191
19552685
19046045
19175357
19644218
19582378
2166905
19638333
1886666
19531629
8205653
4960548
19631047
19655702
17135164
8205616
12182097
19566663
17122060
5888692
19659848
19494852
13964686
17775418
17934655
16722521
19653797
19148383
5123508
14829335
1074501
19577800
19200845
19651222
19600121
18002503
12729678
19636935
17834645
19412088
19412087
19671523
19672769
18935642
19567519
7609097
7590603
12546159
16293625
16952422
18850387
17621495
18252968
19680531
19539114
19667411
14268760
11671541
19293684
18512869
19388157
19464089
7815702
19636928
17581910
19686792
19455644
19216897
19572144
16629373
11304015
19657402
19540887
10345986
19689701
17453629
19655033
14446659
14623094
8205666
19640569
19515436
19690210
19676146
12326031
5349017
19650122
9300486
19203803
19693981
19370673
18167832
8677749
19615339
19699012
19698363
14440787
2639186
19699913
14018414
6417769
9292885
19681827
19703381
3945568
8580960
12984623
19321788
19659969
7271268
9865104
18380023
15973489
19660376
19707331
19707685
12775654
19676155
19708510
12398906
19224128
17192697
19639911
18542357
16888795
19691226
17077089
493152
14579939
19709322
19681545
6680502
18845130
19590177
19715820
10345076
19690502
15813520
19717371
11989918
15949910
15717752
18510407
13946820
18956195
1421267
11525991
2650378
19161813
12173798
19364301
19719064
19519146
19720434
19062763
13255354
19721285
8677720
19656700
13342138
11326875
13152235
4033432
10828903
10090039
19435599
7476572
11626621
7515174
19712165
15151347
8114315
19631072
16028069
16386508
8232483
10695510
16643708
7029489
8016894
19699659
19692769
19124582
16337020
3794458
18439174
18536298
19727741
13344136
19686257
390503
11960077
18319042
19228585
19730141
13665913
2415263
12573348
19450630
19670340
1956489
18970039
1058720
19700201
19331164
19722124
2726076
19732023
19647816
19673977
19732847
19729842
19729005
14247244
14586279
17573901
12504170
3901928
11289468
8206753
7446969
16174923
19709164
15225025
15755114
16573649
17566710
19415489
18763214
15776527
19546010
19577332
19260393
19685223
6109543
6850016
5762978
11689820
13903085
15416963
19730944
19288092
19731975
19737760
17117401
19692214
1942013
19742549
19741928
19731381
2802142
19738893
941675
19489736
11408496
16983826
18539155
18863458
16223217
11656956
11656952
11656950
12626305
19734949
19746739
19725210
15917269
19635280
19534039
19646444
19751161
19709709
19735774
19280221
8983902
19417690
16439150
14721295
19600240
19341103
19728998
11408499
8429526
17475407
19570752
19754619
17994746
19745895
13047434
19365364
3431854
18004012
19157524
12710429
19752590
18164757
8647387
9144865
19758835
19587385
19729365
14665795
19272514
2571428
18104985
2667556
10175595
19730179
19671282
8470342
19745889
17902095
19759295
3287969
18832739
16966198
842208
19724351
19319388
19767594
6109462
15296413
5899931
5899981
7724029
19752410
19453983
2583302
19562047
19770834
1960217
5009781
8652448
19762855
12944187
2537825
19771120
14342582
6316143
15893208
15786053
14183707
19379875
5316144
3390515
19725013
19776312
19759860
15185871
13760854
19775796
2725086
16037631
5899965
19779032
2686010
19129668
19775445
9178024
19347730
19759082
19783894
6090863
19725896
19726683
19760785
6506031
17903071
18033469
457069
10397639
643503
14168540
19189641
3515120
19790744
19491745
15550811
19778860
19695458
19778173
11279751
19796934
4874546
19797384
18295999
19796074
11601096
6424000
1995770
12719380
16076483
15876636
16003788
19799865
19752408
19790482
19482599
5774739
17301374
2365710
5877254
15312898
2486108
19774108
19778807
19741051
660948
4880711
18090367
15023440
19806381
12291321
19650941
19773599
15132245
14956123
1676383
14782730
19822188
16490638
3520479
19607250
19824122
12714858
14958328
18081775
11483627
19681822
19826686
19797959
19750775
12629887
19804350
19728188
19812381
19812383
19829711
19830376
17897552
19829800
19825611
19009949
19730942
19834829
5659228
19822840
4814641
19824504
19603931
19812345
19836907
17698371
4054040
17478881
10692404
19835637
19837413
12585854
290269
9586325
19831031
206554
13025863
19139833
11731377
19805847
18725973
19842086
10917568
6680105
5848834
10062324
13707068
19809015
13718325
17320014
489853
19813908
2466283
10917565
10917569
10917567
10917572
10917566
19827524
19335730
14370498
19834674
15366391
11649830
15468546
2765570
19337420
19853629
7844698
2178614
19822835
19858087
18358711
19859029
5444708
18793682
19859979
6274522
19534042
5137126
10104845
8884790
8111340
17400518
4274183
13717818
19804730
14308184
19865587
11400892
11343959
15382236
19498404
19871485
10236502
12853124
16036095
19879259
15072496
19836476
19843792
5942979
2580587
15433373
19842171
9988498
18514436
18515937
19761692
7347305
11923890
19865702
19365897
19862675
19864052
12066212
19858152
19799851
676980
17022934
13856564
19451494
19603592
19895939
8497230
15141002
15432717
10510845
19817894
11841305
16670968
17510397
19896803
19680323
16282167
12238892
15063213
19267586
19770249
19899133
19884459
19899546
19899163
5392565
3883220
19862666
19899797
19899213
19901930
19899912
15885006
17332614
3912803
18353848
18824368
8260138
18353847
19900301
16785107
17123678
8223653
15144788
19825428
12710117
11952059
19157036
12356583
19898879
9839309
10141735
19774437
19601343
19818646
19913623
19111610
3421719
839223
6790534
19754627
14167330
7700421
12691201
10781786
6469911
7700422
14710999
19062302
9215267
19883820
19925964
7700416
19926389
5123491
14670303
7534828
11610872
19920255
19634698
19827086
19856292
17193293
7839678
19917349
19625919
10027278
19894707
19922347
19934428
19879403
19730792
19938447
14130385
19933301
16387350
7700414
19061146
16396675
19914958
18725684
10369383
19918723
19946432
9904046
17064708
12357034
3994841
19949249
1190912
19671525
17597450
19817985
1420488
19899745
18826047
14166823
8829338
3400329
11667322
19957796
19850415
19963258
3938818
11961132
4031707
19841842
19741467
16528124
16760757
19952119
16383417
19969623
15462354
14542612
19972725
5623379
13762249
2569232
1891075
19974366
19802805
10126670
19975095
11117745
18867634
380249
19521367
19972016
19971805
12642345
19847086
14524288
19627702
19976435
19910344
19413248
19970351
19904329
19983438
19984883
1858502
19847566
19985578
7277748
2651263
19990479
19992483
19935878
19978981
19925926
16217175
17387541
13011803
2396508
18315338
15233912
12786136
7301007
20003105
19974863
19625566
11969971
15158168
19828965
8112923
19923026
19973711
14098554
14617866
19120101
15185567
19808918
19992765
17230039
19721431
19891020
20003371
16794688
20008536
7613821
20010661
19889395
15665842
7733534
20002419
20011850
19984992
16794689
19580385
19671891
2815591
20017984
20001144
20003566
9615650
20013319
13278445
19678039
19163639
9004536
20001951
18849350
13931162
20017729
3049398
6097917
19983439
19913380
19871697
20011766
1325640
20012389
19337477
1520047
20011439
19948182
20032556
15875284
19880111
19849122
1023056
19231325
19998395
20012947
20038144
8646839
18161950
20029352
19897814
20039217
19942127
20036551
20021614
20039241
20040015
19936392
20040740
20040877
19144831
18693799
19664242
7362967
10218999
20034234
8263840
20045633
19770728
18801083
998982
20047269
20023027
13677810
20039608
17945453
20017389
18280425
19557718
14734142
20003567
20043533
20045997
13689254
19222866
20054474
10347895
20048906
19862206
20047127
20054919
14293697
20046349
20046371
20061501
19292627
20064180
19999531
10642752
19206984
19293987
19206987
19206988
1260955
6494
6055598
5424865
19899537
2577136
19899223
20066006
19617209
19543265
7203060
19812144
10195317
15862455
19859745
16936161
20072643
20078951
20035694
16560643
14350840
19664180
10213583
20079066
20063894
20070506
19956459
8283494
383833
5429622
20070758
1968486
15123973
6704197
13666770
20059329
14445807
14331278
20085658
5772579
1716193
19758038
20032296
20071437
11399441
13106709
5579614
20092827
18929881
19818817
3582865
6991876
20081515
2213590
15515611
4063010
19416182
19769933
20077465
20022055
20081144
20104437
16224444
18162916
14664300
19898709
20109527
20103615
20110713
5429329
20095671
20060256
13531642
9362179
20034930
20089574
20113604
20048909
19109469
9121449
7823208
20022210
12742504
20106055
19619400
15420792
15328861
11899811
6680102
20035055
4186437
3848123
1492370
20119005
20095501
20030773
19206986
19478929
20128610
19929457
14270634
20130909
20128591
20045916
20043914
12651924
20125475
19724893
69754
16690370
20131732
20109834
20138982
2366650
20138271
20130196
20142942
20110514
20141261
13468728
19848130
16599987
19807647
2807812
20131639
19825858
19031963
20104883
18808490
19863111
20149107
17739036
19580384
20153061
20142181
20122609
11807716
20140921
9579231
20095289
439036
19849389
6319292
20043593
20046385
20160068
5385567
13133239
20163364
19234621
20078952
6177776
20166799
12722740
17132482
14348855
9622976
945457
19098344
20161531
7087616
7986774
20138894
20063350
20091001
18182688
13075538
2891012
19729511
16212018
20045742
10086198
18871155
9692983
20181934
18335579
20184626
19357770
141938
10826098
18831514
19326315
19770264
12922746
20192936
11573225
18375970
888049
20182711
13968511
20118641
405259
17842185
19975034
13419654
20181926
19228457
19627597
20199187
2328652
20199363
20094366
10817395
13300656
9344854
20126640
20184461
8016933
20071645
20190160
10555575
1364775
19976413
7098238
19808706
7310663
20175851
13307500
18664123
20180211
1040598
20214299
19338664
11113908
14015565
20113143
19998126
15290231
20169266
19299088
20214292
20040955
20212700
18578130
6612580
20098771
20086477
20222194
20105431
12594170
20208852
20154934
19426468
20223778
20031725
17079355
20209000
10465005
20210239
20222691
19669219
11911869
20211282
19572109
20226894
20094731
9850486
20030326
2389149
13415504
7412913
20054484
19214535
20203357
15287037
6063137
17694236
17694235
18086481
19679112
20221751
14580549
20240671
8092859
20232856
19033180
4249027
15521094
20209653
16157413
5149668
20214254
20243175
6139172
20139457
16683222
20122906
18373700
5631932
18828783
13242917
12579692
20247757
14265855
16014347
19703484
20250025
19403821
19740375
20248007
9675401
20252271
8826242
20177004
18328052
20055439
20226086
20191024
19007505
20254918
20225965
20246868
16650520
20211984
5639220
18971751
20257816
2971738
20259850
20226714
7476574
20157866
1515658
20241253
20262261
20191139
16399598
3809147
18808492
20212296
10291614
20263418
19381595
20260375
10662707
20262225
113829
6768233
18368354
20254505
11944064
20265640
8072439
20227340
9599199
20213549
15523033
20267771
2534247
2342820
20273195
20175572
9714995
20257511
20129330
16055013
13832044
19697364
15296134
6620923
20004734
20279255
19261773
20228672
20218308
20037984
20262934
12554927
20150815
20285808
9844195
19323852
20262512
20280300
16888794
19712049
16188054
6301515
19320443
17491535
19481232
14195584
14720125
20285806
1602759
14024562
16697915
20271496
314568
16316731
14019913
9863959
15185566
20195396
377842
20233353
20304740
6443977
20200947
20292589
20291167
20264219
19892495
6630463
20275533
20275616
894158
20297751
20120034
16907081
20312414
20223336
16066035
20202372
20303257
20303827
20301231
6164832
20284816
20083991
3246026
10988637
14610845
18851459
16620092
14615959
20163370
6164830
7691141
6164833
8166225
2163661
20232427
20320767
9438546
20303474
20320580
20150538
946106
19549063
20315551
641590
20311464
3959313
20325898
82155
20326792
20326868
16666250
20326740
20309973
17615695
15280134
5545609
20332476
19974545
20206075
20253771
17726703
14314999
3971173
19495826
6031203
20040463
20318972
6425456
20314599
20166235
10901896
20200180
20128091
9927030
18496112
17324952
17530625
15037274
780682
4092982
18442710
1163772
20242230
20010095
14882555
1119753
20344624
20223909
20345251
4232442
20338983
17421680
14475202
19810312
20347839
20332436
2075502
20170856
20257664
20254598
2324605
218169
20337560
20225644
7031377
19205289
14808124
20354136
239730
19848109
20348821
18870970
20061304
20253786
20315808
12207685
16077634
20272722
20251264
14737878
20356543
20349617
5513627
20307337
2661586
13362100
20349296
11315935
20143734
6874220
16619056
7694897
20364016
20239745
20359592
20365696
20365243
13496445
14159636
12450737
13678150
10347384
19479827
20370151
14076788
20343996
16132691
439037
20374159
20374157
11922
20375147
4683684
13355222
20348616
9222548
20374762
6047255
19886993
20201569
7577354
20366922
20353598
20383848
20327262
8132833
9580628
15820873
16133396
20373602
20355812
20386240
3806423
19042516
16186571
16265457
18801723
20192375
20392135
12265294
19167634
20394279
20388255
3765964
11864157
19931404
20232477
20301584
