217752212
215043277
214350461
215865849
218807702
218816250
218798141
218517261
218888873
218905667
218249500
219034793
219260531
219268198
217729541
217730891
217742558
217959534
218228741
219633405
216507778
217325741
218125951
218463838
218430503
218464280
218576860
218481586
218584512
218548670
150718700
219014613
218982578
212202078
217625720
217681965
217704140
206397260
218576155
217719870
215609425
215297701
217160036
217160056
218158887
217130104
218045768
218349588
218785549
218892247
218893030
219177687
219648242
215173902
217065597
216283126
216854244
216854251
216481952
217086011
217466325
217469591
215335936
217518610
217519006
217716220
217518375
217776444
217964082
209750943
216880103
218001419
218148492
210515114
218356937
217798062
218655419
218327256
