222626961
222636529
222632562
222636960
222675881
223339462
223340791
223379293
223258514
223472942
223418795
223664802
223694809
223699193
223785042
222594975
223634130
223793329
223772245
224018786
221251173
223115143
224656146
210931330
222478662
223163640
223167589
223167925
223367510
223541728
214885601
222459237
222197770
222866173
222353443
221593507
223070800
222917046
223146182
223203178
222508028
223747869
223293476
223793481
224139463
224297628
224117080
224384151
224512917
224555882
224558450
224572895
224573767
222574383
224785558
222335947
222478784
220725662
216313308
222454183
223598308
224329056
224362824
222292431
219821187
222707089
215342217
223088616
222869387
223523919
224857723
222966087
222966396
223574466
221915268
223446028
223507594
223540080
223985644
224060715
224857689
216567462
219580211
222724619
222281739
220923021
222836164
223040749
219225896
224024705
223935971
223619457
224409388
221667666
222823445
224362016
224363698
210419502
224369302
224166603
224916767
224935860
219530509
223381699
223422558
223721186
224019258
224020709
224221855
224457466
224464794
224488135
224498995
224502527
224508066
204494537
222504101
