196772432
198222242
198976020
199058265
198030026
198948003
197343846
199230799
195580124
199208735
196850989
197443174
197416449
196717342
199115933
196646397
196646395
197788589
198134934
198915905
198928511
198988228
198988247
197821136
188592132
199103149
198932989
198932932
198988861
197477921
196458206
198537843
196457618
196001225
197029992
197993045
197105250
197642694
198548645
198629305
198763451
199258962
199294612
199368549
197561510
197827348
198307747
198444748
196387284
199124409
199125064
197409084
197649962
196306182
197256205
197491560
197491689
198832977
199121226
196711837
197815743
197631199
198874584
198970404
199179309
199254553
199269790
196882705
196407395
198255547
198738968
198740156
198752404
198775429
198210776
199100359
199150607
199260069
195300497
