190035323
190053099
190243217
190327021
190430911
190687344
190729331
190776401
190934620
191960173
191967330
188541169
190278332
191395919
191672912
186625673
190158505
190471282
190432769
190680942
182713042
189236166
189236172
191382174
191679138
191387882
191755616
189573467
191660133
191660216
191776785
189925599
188185687
190046800
190735366
190035729
189349046
191222904
177861097
190812775
191106408
190712278
190712765
184809737
190713488
189593788
189520543
190303916
190236518
185475007
190686029
190308373
191010158
191281422
191282155
191282421
191285390
191285979
191293135
191305490
189965157
190183181
190894246
190964974
190971338
191062959
191292913
192092425
192099415
189433635
190752694
191124170
191437286
190420142
191954919
191929541
192008925
188614509
190578281
190580909
190674457
191045430
175738625
190229561
188916808
191455489
191767901
190205443
190205775
189558403
185965320
190149781
159864562
191228901
190677536
190699209
191681989
192121954
192141227
