209201569
212727247
211279548
211573066
211663319
209755313
211202566
211578509
211730008
211615903
211848049
211955357
212451083
212452404
212467634
212144797
212226881
210739363
212579340
211988779
212603284
212648423
212672074
212676190
212688224
212744517
210105777
212595748
212813552
212686451
212574373
212988887
212706847
212680084
213117846
213372380
213285665
213360399
213153663
211646649
212985459
213802276
213977409
214357135
209979958
211944731
212356577
190361961
211456623
211897436
214122803
211839193
211847843
211862604
211861359
211889432
211889383
211904081
211894048
211894059
212240164
212240171
211393013
212243845
212263951
212263958
213404533
213404553
213408816
213408855
213526843
213846895
213846907
213893837
214284728
214284772
212250676
214297473
214297470
214385695
202365199
210728557
212177846
212181251
211885049
212185172
212191716
211270150
212933850
213729962
211336716
211466270
212948326
200614760
212417841
212421808
212498956
209326840
212079155
212637681
212641055
212955227
213140840
213306996
213519530
213726198
213974448
212500963
212557099
212644683
212813744
213174413
211634471
213455812
208630004
211224517
211404279
212712535
213465122
210633102
212042167
212060953
212401417
212453813
212402324
211452930
212916623
212978663
212727137
212792523
213002679
213422594
213462228
213736318
213735532
213815226
213850911
214136448
214138595
214141329
214149563
211757763
214352793
187013313
199839536
212013349
