215683291
216328285
216504289
212664857
214411048
212874916
214791287
214794077
214820590
214890182
215799179
210338088
214604082
216097301
214059036
214399797
214760917
214784852
214785137
215600177
215600196
213580040
216609647
213580350
216809886
216814975
216818118
216861681
214766986
214733897
216945954
215669706
215669722
217287516
217287501
216775483
212227500
215272613
215500209
215563660
216050059
212745095
215616378
213957918
215873977
208994822
216461564
192435070
216718666
216310813
216788626
216782328
216821982
216831115
216830409
216882883
214604500
215164482
215219834
215845753
216061631
216327631
216366264
217256163
213627551
214469344
215059046
215061115
215174923
216555677
213334876
214814648
214326817
214997143
214550293
215588174
213979813
214352793
214231309
214657266
214705559
215228288
215228009
215299301
215235595
215375886
215389646
215397316
215397415
215426447
215378366
214702884
215856532
216598602
214290930
