235275604
235279971
235580633
235675847
237163058
234304553
226327213
234235179
236633910
237019052
230916963
230916950
229531379
237668533
235771624
235771645
236532717
237550605
237550629
237648016
237648034
237654101
237733976
237733996
238076082
234735922
235142508
226863056
230024394
235912098
235923691
235933706
235998774
236032309
236089505
236317390
236319575
237159159
237174075
237424854
237440051
237448338
237462346
237560185
234804588
236920714
236920717
237589058
237589076
235537856
235549252
235248067
235616789
236291707
236320129
236308284
217171192
236440379
237135549
237033727
237186714
237226650
237532554
237847529
237848105
235391286
235490564
235490570
234930207
235507092
235637856
236727279
237131775
