219828131
229281508
227861774
229810697
229955825
231070060
230418432
225177797
230775678
229572341
228817886
228818009
229214185
227786881
231653530
229754817
231354445
231380269
231503252
231635480
231282870
222521850
229211866
230366746
230368412
230077306
230241501
230261913
230640872
230806195
230825760
231067683
231134154
231144129
231144353
231147404
231152065
232035351
232059264
232106352
232120667
232145498
232408471
229409074
225895681
227995871
230023235
230023239
230828769
231227524
231228035
231243248
231382793
231383151
230461355
231763794
231764005
231764479
231917921
231765304
229809869
229908857
230267563
230653298
228979153
230804283
231169909
231474453
231612056
232014824
232140216
232320277
232335042
231528355
231250627
231250642
231706519
