216583640
225044358
225224426
224310798
225216199
226011200
224127920
225307442
226191870
226542807
225123336
224424989
225226270
225296711
225344251
225706931
225724084
225724835
226118050
226118080
226164450
226164495
226477116
226477120
226535399
226590065
225002369
224388219
224388670
221449900
225019454
220661746
225598927
226012380
225104383
225195117
225252121
225262663
226001172
226296501
226704491
227347475
225285309
225892129
227237663
224310940
223852197
224263002
224936881
224008808
224237547
216751390
215558476
225667150
224924417
224921193
224921202
225144566
225220189
225239284
224826505
225288915
225600927
225610293
225612625
225601105
225644237
225652538
225598889
225946949
226011507
225941420
221764373
226086125
225670762
226445525
226367689
226474801
226489002
226782828
224569074
225328694
225329817
225391143
225391744
212014299
