188460436
188912531
189661051
189677293
189767052
189787162
183595906
189267436
189336221
182374650
182374656
189209036
189557995
189563487
189590588
189596032
189607865
189613351
189636825
189646744
189648448
187814083
188014855
188014950
187847744
188164505
188164638
188164604
185890272
188241602
188606656
188954637
189022943
189331538
189358322
189676509
189354007
189684162
189707975
186142764
186143134
187718480
185477517
188482531
189135380
189237011
189285917
189467246
189286466
188250625
188279663
188856186
188864115
189319742
187870335
183069929
187870222
188771113
155508944
188912664
188917729
189522654
188461794
184397809
186261374
185390671
189476075
189480828
189484415
