194746080
194746790
194692346
195932428
196879211
195917942
184547677
196080408
196085632
196089078
196507810
196831878
196832241
194321392
195554355
195592276
195880779
195990781
196072581
196148338
196225835
196225920
193900872
194611147
194611186
194874155
194874176
195620414
195620441
195636163
195669657
195754927
194511507
196011336
194000348
194608335
196373344
196382279
196390683
193908489
195997519
194589816
195229697
195329156
194816777
194606229
194770882
194779596
194784527
194805959
194871886
195054989
195071551
195127702
195193651
195926468
196290030
196290642
196308648
196581653
196642067
196877574
196884108
196941444
192280301
196234047
194356695
194342152
185300229
194509338
191730350
195611867
196969846
197000076
197026518
197029931
196092157
196092284
196475157
196476000
193861019
196476468
196481407
196481087
196481668
196487261
196487263
196482110
196561433
196494652
196494853
196649620
196563083
195098383
195670750
196095171
196351153
195300105
