226956840
228277806
224356766
209816574
223721096
229223019
228408255
227942804
224022470
228248681
227893884
228565893
228721406
228744778
228875388
228876930
228636993
225262048
229117912
229526061
229572341
229149988
226673729
228057106
228489663
228826878
229255500
226564921
227776143
226972356
227711461
227698976
228061027
228814662
228075473
228018722
228857692
226712811
227836031
224023841
228751886
226822668
220641018
229017645
227428357
227560372
228227765
228234792
228781915
229647315
229647745
229694370
228472531
228471367
228511209
227583608
227637083
228801928
227974117
228717177
229551124
229551146
229512714
228267881
228340708
228670053
228588634
229032226
228839115
228839642
