210972814
210124628
210079209
230452295
208538689
209391860
209039327
209039338
210877754
210877770
230414475
230483399
230446566
230452880
230453819
230539023
230557886
229832275
230546394
212058933
212936531
212406602
212174766
212895130
212174893
221380387
230993305
214497429
216970075
217285219
214849080
216482529
220073501
225706931
226276279
226654766
226666085
222504101
204494537
225203578
224959893
218438135
195626074
225634013
217385463
213859456
226734818
231079939
219490821
222040103
222040081
222382011
225199392
220655607
218151099
225344336
220655643
220583006
221433778
220952625
197561510
198629305
198763451
220350774
220525069
220520154
222002661
222005067
224745763
224696142
223705320
225706931
222468647
218438135
217567781
218177193
217385463
204928531
206155644
218151099
219196379
219218393
209694475
210552954
210586776
224745763
224696142
226654766
226276279
226666085
225203578
224959893
225350466
226138275
222468647
225634013
224862852
224042939
223711395
223555464
223880443
223883690
223499902
220213409
226734818
225344336
225199392
198464113
198548071
201138205
197561510
198629305
198763451
200603475
205476577
205146261
204980425
205541533
196380754
199972949
200753250
201008628
201822031
203042777
203649003
202566897
202830112
203394003
202009054
189120460
188564817
188564939
188473748
187385592
189982055
190432769
189925599
189782370
189914752
192215786
190877958
191954919
191929541
190971338
190815954
192030298
192031066
192032331
192039821
185748877
192036459
191607855
191883922
190343995
190384718
190648576
190651579
194874155
190678768
196234047
194356695
196563083
191890093
191591110
183487103
190406891
189782370
187385592
189977065
190815954
190873983
190877958
192030298
192031066
192032331
192036459
192039821
185748877
203042777
203649003
194874155
201822031
202566897
202830112
190874248
191693297
190241752
191622515
191883922
192587673
195044326
195066764
195646489
203042777
203649003
201822031
202566897
202830112
195524036
203042777
203649003
201822031
202566897
202830112
196080014
192587673
195066764
195044326
195646489
196080014
183487103
189782370
190406891
187385592
189977065
190815954
190873983
190877958
192030298
192032331
192031066
192036459
192039821
185748877
190874248
225484456
227469646
227469603
227946610
227885108
229402287
227551139
227924079
229400408
229407678
229149988
228970952
229107140
228554017
232336581
230446566
231070060
230418432
231227524
231917921
231765304
230536560
230710960
230761570
230970712
230711668
229985674
230484545
230885080
230885294
230910879
231273123
231862123
231140940
231628086
231732204
231738439
231737937
233857275
226405221
234839723
232336581
234842874
234373723
233292487
233401506
234017523
234373424
234171695
233401805
234172416
234876928
235237463
234849629
235184360
234847410
234853919
234855160
234848903
233583193
233864732
237103473
237446893
237857856
236325862
235784965
235579093
236097702
235338491
236456783
236456935
235323062
236433728
236206276
236433094
235657768
235756501
235756614
235790497
235792732
236452343
237140758
237788959
237615449
237777672
236603331
237845618
231070060
230418432
232818348
230704413
234775998
232895014
234804588
235637856
236727279
237131775
233857275
226405221
234839723
232336581
234842874
234373723
233401506
233292487
234017523
234373424
234171695
233401805
234172416
234849629
235237463
234876928
235184360
234847410
234853919
234855160
234848903
233583193
233864732
233857275
232336581
226405221
234842874
234373424
234373723
233583193
233864732
233857275
232336581
226405221
234842874
234373424
234373723
233583193
233864732
232818348
232895014
232818348
232895014
233857275
232336581
234837269
226405221
233401506
233292487
234373723
234842874
234017523
234171695
233401805
234172416
234876928
234373424
235184360
235237463
234853919
234847410
234855160
234849629
234848903
233583193
233864732
237103473
235569396
237446893
237857856
236325862
235784965
235579093
236097702
236456783
235323062
236206276
236433094
236433728
235657768
235756501
235756614
235790497
237788959
237777672
236456935
237845618
234804588
235637856
236727279
237131775
188605178
188101852
187524639
190346328
191883741
189989809
189990105
192050638
189495354
192122512
190975870
190228758
191733819
192003414
194074528
191888819
192496422
193146593
192343205
192560160
194165768
193266095
193042907
193246918
193146409
192340854
192609130
193143744
195670381
196040666
196031196
196106506
196112495
196114038
196138143
196158750
196191403
196400928
196677192
196696604
196972799
195161878
196992494
196999126
197002904
197003458
196171030
196430488
195382279
194746327
198070645
196996481
198151037
197851771
195784508
198234291
198234351
198857007
199188929
197672707
197926115
197930550
198767561
199303014
195494638
192239669
192282466
192239669
192282466
192239669
192282466
192239669
192282466
196322592
196322560
195104945
192239669
192282466
196322592
196322560
194634321
195104945
188341148
188101852
188605178
187524639
189701852
200442866
200441225
202145838
207570907
206567094
207012980
210901845