Project apache/flink :
217170623
225808381
206986753
208125503
216026175
235975568


Project IQSS/dataverse :
197477921
186629181
232922008


Project alibaba/java-dns-cache-manipulator :
205518188
205492073
205492073
212727247


Project CorfuDB/CorfuDB :
216999546
216999553
211164792


Project alibaba/fastjson :
217504586
217510462
217545572
217546020
217796138
217859935
217958925
217967919
218438135
218449961
218478144
218531711
218805396
220220364
220485921
220886366
222016611
212936791
222016611
223083752
225203578
225129373
192054398
192057966
192062903
192357558
210219142
211273744
211380743
211666873
211676661
211666873
212008455
212048430
212051968
212079499
212102954
213694969
214573814
214905049
214929271
227885108
227885108
229005482
229053418
229402287
229631517
229894901
229925238
230012108
230194604
230205437
230446566
230277356
232054751
234837269
234839723
235569396
237103473
237365873
237385692
237385805
237389741
237103473
237446893
237446893
237857856


Project kaazing/gateway :
177861097


Project FasterXML/jackson-databind :
226899756


Project apache/commons-lang :
222775561


Project spring-cloud/spring-cloud-aws :
227120863
227235435
206575406
207100553
207176061
207203151
207203151


Project dangdangdotcom/elastic-job :
186234512


Project INRIA/spoon :
190993558


Project spring-projects/spring-data-commons :
231070431
231067350
231109306
232336581
232336581
232336581
237931547


Project checkstyle/checkstyle :
218798141
220819152
222917046
223293476
223793481
224573767
205959728
207089500
207481935
207680807
209590181
210419994
211955357
212452404
212688224
216097301
228565893
229117912


Project fabric8io/docker-maven-plugin :
188631446


Project SonarSource/sonarqube :
220523887
220555205
221253393
221829956
221829970
223596177
223596183
224039769
224039789
222092897
224327145
225562831
200039351
200039431
202323316
203821506
204525761
204973467
189594675
191350279
193109388
194515025
194741918
195592435
196563367
190556360
207004575
207358664
208910390
209261162
208185421
210606540
210623191
214636409
217073171
228251359
228251370
229029489
229114668
229149569
233361758


Project geotools/geotools :
224002137
197970559
207701263


Project HubSpot/Singularity :
218601494
218601513
221384100
189537729
190973968
193177765
193160932


Project swagger-api/swagger-codegen :
218001419
215235595


Project sakaiproject/sakai :
216854244
191534307
230023235


Project graphhopper/graphhopper :
184073576