217042459
217604531
217569620
216311978
218418777
216776582
216663220
213480051
218056985
219525509
219526656
219580747
219731440
219731451
217504586
217510462
217545572
217546020
217729437
217796138
217859935
217958925
217967919
217729437
218438135
218449961
218478144
218531711
218805396
217311342
217567510
217567781
218177193
215126513
216366132
217954928
217972670
218004089
218073380
218363401
218922187
219204801
216753509
218810959
218891762
219042666
219288822
217279392
216753661
217385463
218170515
217228037
218510591
216135726
216135794
218523563
218512171
218601494
218601513
218991853
218991858
218991881
218602211
218235385
218235372
219032628
219032598
219032562
219033433
218579395
164967069
218970410
218970388
219778117
219780049
219778240
219791471
219845568
219845580
219809706
219846113
219813766
215623351
217709596
200376577
200376563
217234149
217956626
217956633
208499827
217228520
217958732
217958790
217958969
217958979
217982451
217979666
217979685
217986157
217160667
217983159
217983167
218039063
218058095
217959069
218086942
218009309
218104882
218108020
218061289
218058916
218058922
218117804
218118200
218118215
218346710
218089993
218349614
218354430
218369822
218369833
218361690
218130993
218407230
218129251
218129271
218880950
218488120
218490348
218488089
219217731
219213689
219252211
219261428
219306463
219399677
219589106
219660675
219660685
218901792
218902034
219684346
219730784
217170623
218064462
218136819
218424237
217760569
218245465
217457592
218867634
218921503
219176521
219422931
218413112
213972724
183675602
217586747
217639005
217650096
215952865
215148278
216161795
218346212
217446266
218930360
216670218
218017072
217571205
217337962
217972666
218096069
217869765
218195837
218725112
218725215
210498098
218005825
218272088
219574235
216797791
217497974
213693048
217678296
217750162
217936884
218778507
219553435
217090559
218410468
216605267
217413927
217431352
218024448
218252673
219076032
217528692
218930595
217433577
217439778
217450568
217452268
217455556
217463884
217472764
217481378
217485871
217511549
217519583
217534520
218716731
218727642
218730663
218734292
218812031
218902240
218932422
219139611
219189525
219192265
219194372
219209343
219223951
219255250
219259490
219261486
219555232
219598045
216443175
218151099
217373464
217374034
218151176
215301228
218054149
218113528
218785400
218785678
218809938
218917338
219196379
211757718
219211164
219218393
219274038
219609140
219609686
212742768
219117254
219737850
219946687
220592082
221068743
221196993
221390489
221545578
219931271
221389666
221602172
221825856
221826772
221847844
220043166
220099640
220111079
220312689
220331794
220690881
220548650
221081480
221857608
221989952
222010995
222076927
222115413
214192474
210858667
220891351
220847190
220849505
220904830
220220364
220485921
220886366
222016611
212936791
222016611
219490821
219986248
222039793
222040047
222040081
222040103
222382011
222382169
222382291
220855580
220802283
221433778
221860136
221865359
221894014
220582933
220582952
220583006
219823931
220655607
220655609
220655643
220675389
217281416
220619175
220804604
220804726
220804775
220718670
220686387
220686568
221004784
221016424
221033584
220658440
220658505
221050390
221761020
221384100
222158277
221826826
221826834
219738713
221380165
221445697
222314052
220142802
217721878
221548382
219760366
220080252
220448762
220451331
219665448
219665455
219708311
219708489
220462293
219748577
220463610
220491236
220479386
220479424
220460366
220512284
220509942
218124477
220532593
218432082
220477351
220523871
220523887
216448698
220569185
220464411
220464418
220521295
220728465
220883349
220860917
220860947
220846185
215485975
220887666
220887246
220617393
220555205
220562740
220562754
220908727
220908970
220902734
220867458
220921021
220928167
220928171
220923512
220488090
220952625
220944604
220961300
220961340
220947734
220904206
220925462
220925474
220477412
220981152
219250521
220970612
220970632
220999854
221024375
220975864
220732709
220732711
221012757
221012824
221241797
221241806
221073952
221236904
220983048
221233241
221233271
220892353
220892480
220941739
221253393
221251684
221289156
221285642
221285663
221247008
218608371
218608394
221334407
221104189
221104197
221355672
221402019
221402024
221013648
221243971
221243976
221351184
221374754
221344717
221344730
221327038
221639724
218059086
221658241
221657961
221657974
221630071
221663145
221668516
221676157
221701139
221677084
221715338
221720923
221708858
221774716
221673714
221741783
221270151
221270173
221780757
221805308
221789061
221789079
221803961
221877173
221977455
221989625
221829640
221829646
221989378
222001577
221775711
222002116
222002157
222007485
222007497
222002004
217961771
222023449
222062118
222024832
222076441
222003857
222101343
222141258
221879919
219859023
207708816
218853276
219597768
220778594
221828213
221685776
220770707
214723286
221934707
222377955
220465186
220472252
219810113
219810122
220928641
220940012
220942752
220965789
220975392
220975478
220978155
220978162
221837922
221837959
221840965
222115825
222122225
222122252
222123813
222123810
220317118
220085794
219333198
217651782
221011908
221016823
219570917
219848604
220348213
218991874
220350774
220387989
220750193
221784162
221770429
218213030
221992429
219968115
222353962
222354095
219565919
222012397
218313159
222254961
222257369
219688704
219973155
219998991
220182125
220206582
220211081
220524552
220959664
219858390
219945896
220224837
220525069
220735965
221133208
221926467
221863850
219680862
219613063
220450057
220464945
220923017
221303695
221594358
221710952
221717470
221727512
218507046
220523146
216444424
197064776
218918350
219721582
220520154
222002661
222005067
222011234
222022584
219934315
223024976
221918095
222188562
223292502
223391814
223657241
223832448
224572852
224591870
223605720
222526649
222536384
222561421
222578596
222591465
224374908
224696142
224745763
224949112
224956919
221232057
221232069
224023119
223684289
223864783
221652136
222763489
222763495
223420249
223420257
219203846
223785389
223785406
223438987
224137998
224138008
224660973
224660977
223083752
222022029
222387913
223030898
223705320
223539363
223559406
215912787
221978375
222903104
222940027
220802618
222999789
223040093
222754192
223304876
223307455
223687423
223708016
223719137
223677804
223765658
223826743
223839504
224000466
224007209
224012000
224018456
224110087
224164680
224363804
224430992
224438095
224722378
224800503
224827587
221855535
223197364
222209171
223204823
221052848
223275941
223964691
223964866
222634106
220213409
223499902
223711395
223555464
223880443
223883690
224862852
224042939
221439769
222792765
224090987
224117713
224117752
222388417
222518973
222598279
221829956
221829970
222073174
223048640
222122552
222123342
223088234
222142013
222144710
222144729
222011514
222011521
222085415
223118070
223116110
221774970
223056489
223138486
223103818
223103804
221479972
222064698
223166935
223167019
223103772
222142078
223441642
223212308
223212329
223466584
223485798
223485812
223173830
223453040
223149880
223149854
223493579
223493588
223469598
223496703
223547652
223547754
222617194
223467210
223493347
223619445
223584984
223880631
223875526
223875531
223596177
223596183
223889083
223880884
223644268
223644253
223898096
223898234
223900019
223913869
223913876
223933845
223933848
223957030
223957033
223863012
223992909
224009285
224020059
223958289
223967539
224039769
224039789
222092897
224239835
224262236
224253987
224255879
222093107
224326542
223897761
223857119
223869209
224035375
224035578
224308760
224006649
224326240
224326772
224347582
224277504
224364294
224327145
224369637
224406499
216611091
220927609
221717851
223399003
223161868
223408302
223541339
223123975
223524267
222765616
219786472
223877222
224158821
223055198
223837918
224254548
224306154
224327765
216941151
224506248
224155952
224205148
215425532
215425289
222128466
219718501
221018321
222506423
222757266
167450483
222886529
222888507
223625867
224002123
224267188
224269231
222443474
222513469
223243454
224220577
224365034
222109838
222109791
217511887
214300744
222934854
223175076
224140886
221357839
223532684
223896242
224252630
224337380
222286927
222468469
222479725
222528691
222667430
222696781
222697545
222708959
223934963
223935502
223062958
220797496
223413058
221616053
218134810
223080572
223082047
223695808
218135312
223875929
223950658
223984929
222468647
222469502
222471837
222581376
222572869
222645451
222002821
223964328
220586373
222644307
222669324
223394426
219559369
223398341
224729191
226255903
226271394
226273129
226276279
226255768
226639126
226654766
226666085
226255748
226654624
226673064
226899905
226973951
225325877
225328309
226477624
226512398
226519676
226811002
225574056
224379862
226032065
224666511
224666528
223823091
225481465
225481467
225862696
225862698
225203578
224959893
225129373
219446583
225128054
225350466
225786881
226138275
223898069
224002137
224001779
224840747
225293214
225426601
225629264
173909176
225634013
225681326
225685477
225853656
225962679
226023106
226025373
226135156
226162513
226352709
226470083
226472973
226482793
226484287
226525217
226549826
226564134
226572595
226618083
226645041
226734818
225125694
224345558
224391747
226131865
226000623
226799290
223248802
223248816
226560912
226801668
226801936
226802384
226970059
226988043
221410683
224993506
225747243
211140239
211147513
225762535
224915052
226282468
224872388
224872489
227131774
227345051
225780345
227106493
176037529
224342948
224343015
225114344
224428767
224428748
224381060
224251198
224251214
225325220
225331680
224388977
224388849
224428676
224428683
225159820
225159842
225272412
225272650
225509359
225354305
225549037
225187677
225513445
225513457
225523720
225588738
225575207
225603068
225276496
225562831
217810615
217810624
225504693
225504696
225506893
225509024
225509027
225676466
225658230
225679036
225506913
225680372
224071785
225904629
225904638
225957506
225582212
225582233
225903695
226001165
225903718
225891531
225925462
225979364
226021698
225508096
226032280
226011045
226052519
226020972
226050491
226098099
226098065
225605436
225605546
226030278
226291829
218115864
226285112
226285123
226081145
226063431
226063640
226294810
226308627
226325268
226021008
226331815
226396384
226397180
226414017
226425176
226425169
226447818
226443723
226443626
226454175
226435109
226428538
226440858
226440906
226701665
226701676
226706604
226724388
226736971
226707639
226741904
226813852
226812212
226702029
226702243
226832274
225073281
222777791
225517394
217998751
225580011
225745774
225808381
226108220
226018194
226582092
226495838
226875297
226949093
226841320
227356671
224238450
224279219
225124552
225639063
226001656
226424725
226462830
226462845
226732010
227100202
175608437
225231496
225235508
225243438
176356723
226327205
225327793
226347056
223832116
226932969
227025824
227108405
227025824
227118162
227025824
227120863
227025824
227235435
226732195
226732957
226742994
226745508
179800379
225641947
214900468
224695345
222665859
223684363
222354360
225344336
211100063
226528821
223912894
225184688
225199392
225229465
225231523
217555821
225877655
224351504
224513492
225061986
225378355
225874246
227054328
225007320
178777271
225012646
225013038
226748153
225103541
225657165
225977399
222069071
225178706
217859405
226294055
196859044
197181188
197525527
197549955
197855945
197892582
197900423
197903002
195430379
197522020
198134486
198134688
198278175
198289744
198641560
198754348
199162115
199173033
199326978
199330410
199353160
199357834
195810344
197600073
198743278
190912434
197130438
197140629
197376228
197457703
197471892
197538374
197583158
197689907
197713463
197811277
197826118
197849844
197126083
197126315
197858201
199004556
197811174
198148752
198545686
196917337
197213988
197265127
197265132
196964130
197304548
197304566
197343572
197249788
197361872
197316509
197316525
197324149
197354991
197600518
197633446
197642812
197667236
197663873
197671487
197672818
197687865
197577320
197660636
197924079
196995833
196996269
197346769
197347280
197939028
197931229
197962668
197964856
197943944
198006819
198532709
198583464
198527282
198643512
198043821
198070654
198093563
198780963
197697035
198785354
198027891
197926475
198657214
198965481
198822037
198762929
198877644
198749685
199122948
199137187
199104992
199161544
199172459
199196349
176299324
199131959
198910911
198910937
197144848
197797492
197325844
194141222
195615825
198114318
194829070
196650052
198044257
195477621
195494606
195493906
195495223
197007136
197233494
197326225
197673696
197674087
198523383
195675945
196831473
198464113
196226922
198735340
195078072
197963523
199110912
199155178
197587845
198873019
199372870
198513666
197391268
198548071
198550934
198552145
198773628
195907335
197683975
198259027
199863738
199878969
199557585
199567443
199782158
199807997
200295441
199558369
199581663
201026521
201041196
201042017
197023545
197023557
197023571
201769505
199603180
198285092
199892604
200044391
201130151
201138205
201164385
201775717
199210501
172478908
197970559
197970535
200202057
199914340
200358122
200420478
200302075
200453405
200882484
201549806
201573360
201462566
201123985
201660837
201915236
199656092
199650687
194670633
194670656
198869703
200009452
200406965
200408673
198057696
200405081
199244445
200413965
201172352
201891091
201891038
199671590
199974578
200463937
200487091
200608912
200724583
190619876
200678802
201493539
201040867
199286703
199533904
199606858
199598997
199613004
199643478
199649461
199644212
199642017
199642028
199666384
199673315
199673322
199675397
199698321
199896433
199747369
199918615
199670535
199889042
199889051
199918710
199926060
199926408
199956547
199942669
199911324
199993661
200019759
200031114
199988142
199999029
200090344
200080009
200135812
200177524
200039351
200039431
199898942
200173725
199896727
200265701
199127247
200276223
199935112
200269877
200260241
200277513
200298011
200294812
200294820
200295233
200316761
200328025
200314023
200314032
200338629
200274473
200188748
200368060
200372554
200383596
200383607
200406093
200422608
200436910
200420544
200375331
200439626
200483099
200530105
200655018
200426009
201063114
200945160
201076992
201089065
201170088
201526627
201823264
201828231
201498618
201851803
201868023
201897530
201899721
201538694
201548502
201828489
199590855
200401864
201145305
201191706
201249256
198774961
195647865
200506834
201504732
201422900
196380754
198536859
200738430
200739642
201672313
201674650
198741695
200518052
199972949
199993301
200108848
194779383
199760931
200109340
201609803
201652885
200281716
199479164
199905308
200197184
200197614
200220866
200307103
200617842
200753250
201008628
201013389
201277244
201367563
201747001
201776247
195505329
184226611
201330832
176990511
200231107
200232031
200334209
201360722
201363067
201731236
201739504
199427054
199427381
199547068
199555865
199983359
199113999
201695029
198549002
199374501
200362640
198360725
199663139
201636957
200104357
202375379
198387901
203042777
202975573
203649003
204682356
202177190
202786677
201808537
199729814
201822031
202566897
199217694
201947767
202379823
202228723
202403456
201830222
202753866
202767908
202829855
202830112
200273390
204559749
163499423
204644100
201570324
201927230
201945118
201945244
202189528
202232085
202249893
202222605
202321361
202321614
202318593
202318566
202255133
200834335
202385621
202410183
202410314
202333176
202333171
202241203
202571738
202261311
202524383
202575374
202577468
202590825
202608046
202317883
202317783
202612850
202612835
202613117
202613128
202323316
202546519
202625840
202629379
202643743
202610057
202649987
202169573
202169568
202676208
202682415
203142928
202658741
203180456
202686892
203360322
203394003
203421987
203435582
203435591
203495426
203495532
203520384
203365596
196882796
203783274
203784502
203795820
203767369
203760433
203802308
203853092
203856868
203833371
203521074
203521152
203743264
204098738
204132237
204132248
203821506
204139735
203837022
204182938
204142695
204197720
204215329
204164247
203526755
204237026
204256822
204259661
204227034
204227053
202680692
202680687
204275385
204290842
204290856
204494819
204494822
204540897
204540916
204533006
204533019
204557471
204557493
204576778
204505144
201856622
201862568
202289898
181923823
204179889
203981389
198693623
203263025
203238151
200654888
203484665
195584866
203495368
203495375
203504977
203504981
203612271
203612277
203948035
203993469
204142909
198620067
204548820
204657935
201330656
201680134
202361327
202703646
203611400
203923525
204382749
201029117
196809545
202221887
200437040
202860685
203056636
201940544
203101555
203780350
202009054
188527446
203338315
204060819
204459814
202469279
202797260
203357042
202108887
202109958
201359966
202473134
202844615
203045083
203291399
203297305
203646883
204057993
204058552
204120546
203761204
204156570
202176642
202577589
203375348
201092722
201092726
204684992
205426714
204970235
205590046
205778016
202258612
204804211
204804202
204815658
204815638
204881126
204881146
204893840
204893845
204898751
204898771
205182085
205182110
204076073
205774909
205774929
206060223
206060228
203943890
203943295
204200586
204893397
205146261
204980425
205244763
199689097
205249417
205538048
205541533
201973138
205795160
193477771
206220075
204357105
203019916
204394818
204605099
204605616
204745218
204525761
204885275
204885281
204636532
204928914
204911936
204911989
204965313
204965331
204988211
204891081
204743551
204994139
205011103
204964245
204973467
205084841
204974087
205095894
205051522
205216955
205446675
205029309
205029348
205470557
205487743
205448728
205511554
205702050
205711456
205030807
205030834
205718342
205752721
205803195
205823279
205107381
205834160
205854156
205864586
205864614
205720306
205855174
205815717
206121952
206107941
206174735
205917878
206181071
204214134
204510933
204940202
204942881
205126541
205129346
205145375
206314793
205198818
205691647
204386861
205128104
200603475
204156576
204750480
204825777
204838489
204841830
204843434
204855161
204937461
205102045
205121274
191294210
204526744
205476577
206045047
204769175
204493008
202538093
203137730
205062947
205183104
206181998
187063056
188616842
189338913
188468170
189848717
189120460
188536601
188564817
188564835
188564939
188588810
188986883
188986902
189196906
189196913
184542011
183614362
189529229
189222897
184065045
184065040
189552159
189552183
189529987
187062572
188208278
188247379
188247413
188261539
188261531
188474026
188474452
188515021
188489961
188552040
188552037
188555656
188555941
188607929
188561542
188561552
188879534
188813257
188845633
188910085
183942189
188950962
188922570
188795980
189123135
188834739
189093832
189144094
189150499
189129643
189162292
189193787
189185318
189185298
189190116
189302600
189226290
189326916
189508395
189233716
189469403
189561548
189569086
161016373
189203928
188424419
189469600
187131111
161497342
189771670
189761455
189786780
189802471
186023662
185808252
188457974
182252743
174368550
187163279
188570626
188570662
189186902
189233636
186442119
188246036
188259804
188308566
188326212
188335089
188341607
188361091
184756656
188473748
188474474
189059562
189064906
189316365
189322291
189384318
189388599
189450688
189629472
187672874
188728924
186070343
189209404
188114388
188114393
188117246
187706995
187706738
189636061
189637402
188193810
188507349
176912167
183487103
189898370
190407147
190406891
190410178
191783919
190212513
189056797
190703882
186322721
186322706
191588471
191588503
187385592
189782370
189914752
189922060
189977065
189982055
190269703
190270703
190820508
190815954
190873983
190874248
190862170
190879561
190897094
190877958
191883922
190924644
191930047
192030298
192031066
192032331
192036459
192039821
192054398
192057966
185748877
187176206
190983995
191591110
190349131
190350925
191890093
191607817
191607855
189537729
190286707
190312378
190343995
190384718
189533924
190648576
190648796
190651579
190678768
190728776
190728746
191118592
190973968
191442394
191761256
180935567
191255364
192171326
188528881
189983437
189625262
189241965
190200796
189594675
189594651
190315797
190315831
190314559
190314568
190245930
190276317
190531486
190531499
190525273
190525298
190533320
190535403
190535412
184199682
189545353
190599506
190285333
190617761
190567726
190567772
190630950
190629480
190549702
190549782
190663900
190750811
190695545
190873171
190614652
190899294
190905494
190911653
190900576
190911154
190637029
190920313
190900579
190654408
190964923
190956251
190975652
190893043
190893051
191016381
190698286
190698385
191029284
191029292
191081876
191053510
191053517
191256805
191253798
190953012
191260802
191273222
191273237
191273585
191273592
191275817
191275827
191304230
191312423
191037307
191339920
191339915
191361543
191381307
191361999
191361967
191556140
191561654
191561657
191350279
191581343
190989567
191614893
191646595
191693273
191693297
191692980
186514439
190250710
187115796
190323388
190748099
189794386
190758634
189523274
189552706
190957416
190971844
190960702
190738800
190851991
191331838
191344028
191332235
191384004
191396005
191587950
191754917
191661514
191619263
186449289
189967517
190019797
190022956
190318035
186104924
190983664
188283276
191483508
185989822
189933331
189933535
189288116
190495895
185852395
185852236
189445773
190028125
190241093
190174715
190241752
190558172
190939811
190940154
190941378
161022602
190992585
191108158
191320810
191315238
191412122
191511078
189878188
189931827
190148809
190843415
191103948
191463331
191465599
191473768
178777798
189476254
186234512
190132956
190543926
190565343
190865426
190866485
185294899
190947570
191656741
191662946
191447061
191432233
190539720
190882372
190880184
191622515
186677669
191784185
193449531
193137722
186322727
185852074
191604001
193313395
193313376
193356189
193356201
194423774
194423783
185471044
192062903
192049041
192357558
192358096
191897874
191918492
191918526
192282662
193376314
193753456
193565244
192692636
192704619
192836841
192732535
191708918
191763580
193122674
193182464
193197944
193083180
193212007
193177765
193517556
193069438
193535469
193525587
193525625
193528562
193769721
193783837
193764719
193881653
193903595
194494524
194572196
191792715
191411295
191686246
191698254
191698279
192280104
192280121
192281575
192281578
191596201
192290888
192319832
192313093
192336535
192336540
192298588
192344129
191664894
192414423
192373370
192423294
192386560
192618969
192613203
192613227
192645316
192725053
192725578
192749471
192749484
192702285
192734880
192991350
193010534
193031870
192290712
193040976
192978652
193078371
193074990
193117452
193121542
193081579
193133102
193306333
192988001
193085974
193317420
193317684
193322391
193326766
193335253
193323742
193360606
193109388
193377610
193377615
194420777
194420791
194426158
194396472
194396458
194426950
193322697
194434048
194434045
194460220
194469867
194469871
194463549
194498236
193345770
194515025
192395185
190705770
192686494
191561095
192952013
193005705
192977570
193387483
193014795
193434745
193508357
193662356
193767317
193821457
193067938
192193434
194642803
187534675
194494225
184073576
194278842
194116384
175927776
193083712
193068916
193080199
189934344
191384511
192604168
192969999
193004144
191578739
193992095
193992250
186888116
189422804
192220168
192234052
192651324
192898112
193300157
193337078
193608836
191780280
190529257
192678909
193287985
193298541
193298701
193311170
193268183
193586854
192910432
193677753
193678508
194378450
194392461
194426969
191677090
192363515
192431158
187927454
191625842
189640868
193381687
194009602
194287208
194403720
194459233
191702306
192772588
190405643
192587673
192587731
195066764
195044326
195066982
195069327
195069483
195069955
195239878
195240432
195240737
195433804
195646489
195752461
195434609
196483841
196501825
196647856
196833133
196848830
194439491
194745367
195538912
195477579
195493842
195375151
195628077
195876136
193924772
193915212
195888914
195930177
195664629
195893394
196989822
197112292
193800165
194674559
195571040
194480692
195985817
193160932
195993881
194598335
194955933
195305915
196357582
196313625
196322203
196330087
196335392
196345192
196351845
194632262
194716697
194716700
194718619
194718622
194723222
194735665
194495889
194741377
194744054
194750205
194750628
194747807
194751598
194756125
194753907
194741918
194759194
194750458
194495905
194750275
194772050
194773567
194763616
194777260
194777341
194811820
194819476
194795997
194840536
194842970
194842985
194851302
194816749
194736216
194849845
194865881
194869091
194868798
194875612
194877664
194877748
194892290
194885738
194831481
195103234
195138014
195234073
195168345
195226286
195494987
195493509
195508952
195221741
195221748
195511433
195524036
195515048
195523984
195499024
195567547
195518269
195548571
195592435
195589189
195813306
195813339
195825575
195856722
195597048
195821391
195906181
195916481
195942389
195917177
195858699
196306343
196356338
196316458
195954057
196506352
196506603
196301804
195828404
196526291
195959649
195959665
196525006
196525036
196514484
196560194
196563370
196561794
196574378
196563367
196563416
196575663
195880305
195562637
195562670
196578735
196590870
196605141
196613569
196655660
196659430
196413625
196670991
196630737
196860568
196585187
190556360
196882743
196655391
196877547
196879681
196894486
196889775
196898874
196922734
196927461
196933531
196939681
196941790
196885274
196886105
196931210
196934078
196953468
196970780
197000959
197011777
196964423
196966310
197099818
197099860
194472049
195122996
195179659
195192338
195914107
195914277
195942351
196522593
183659246
194522617
194522543
193757669
196651316
195558805
194691915
194662991
195397786
193667755
193721297
195096260
196509713
196516895
196526671
196623527
196952741
196963859
188631446
196080014
194918303
194924667
193681889
195128524
195718747
196058078
196224163
196262072
194703335
194426673
194821054
195045416
195048472
195070233
192069815
192067671
195523284
195219607
196875898
189920744
196243946
189920749
194277818
196655168
196655205
194503584
194866265
194009479
195492579
192868411
194890511
205672076
206854456
208465188
207435328
206272942
206549330
206549306
203441079
206549282
206943657
206944880
207045952
206957295
206406403
206110519
206458054
206458058
206490199
206490201
206501297
206501293
206636819
206636803
206791090
206791114
206872543
206872550
207324015
207324027
205775353
208022763
192390779
204583444
206545451
206545614
204942365
206501542
206687768
206954027
206439817
205246734
201462464
206544447
206964326
206568573
206568666
207095327
207373509
207295203
207295301
207700946
208197767
208315751
208381829
208391217
189487198
208277892
208763104
205770680
207927259
206075910
206181930
206187039
206521273
206234658
206569092
206548950
206586276
206231928
206592346
206587541
206587550
206617441
206617431
206615950
206634238
206622876
206623498
206637190
206582906
206646003
206679313
206675084
206690253
206895349
206665604
206665637
206681520
206664043
206913410
206918046
206914850
206683082
206683164
206946705
206933317
206935242
206982610
206961438
206973766
206937139
206957183
206965093
206984870
206984881
206988983
206991519
206991538
206993367
207004575
206935989
207018185
207017688
206833909
207131244
207043050
207043067
206636598
206636661
207095025
207299099
207291591
207291830
207304768
207307583
207200606
207069101
207308071
207039536
207067018
207338348
207339741
207343558
207355267
207393013
207358664
207408803
207414632
207419176
207484893
207426573
207691021
207855443
207858061
207860049
207867049
207415817
207413019
207428720
208162081
208129447
208168350
208168366
208198003
208121581
208228753
208191636
208241932
208522003
208522008
207816301
208630675
208659842
208659894
205999673
206472580
204214060
206691506
206664514
206129120
206747711
204756377
206986753
207160092
208140448
208125503
206488939
206263544
206317319
205516984
206564536
206029208
206614101
207343578
205980482
206437144
207832116
188784274
206575406
206983255
207100553
207176061
207203151
207175864
207203151
206755513
207078286
207152287
207267417
207252068
206982253
202395361
204567691
207361743
208140414
207020109
207236658
206048401
206438606
206851755
207561899
207563891
207843390
207860030
206764404
202380122
200684926
207686608
206498800
206559023
208454919
207142809
206958105
207144848
207283255
201146728
208012505
208835510
208483414
208840709
208863870
209227140
209457217
209483698
209549717
210163642
210172055
210175017
210177801
210393023
210403343
210836236
208873022
209246619
209338570
209721185
209822107
209882613
210034243
211308445
208573790
208573806
206084221
208573593
209311541
199582724
209368858
209311566
209298433
210448942
210537739
210537729
209298469
208573877
210658835
179398176
210832078
210832088
211212467
211212469
209276742
209359298
209359702
210219142
211273744
208250056
209283521
198829546
209409354
208520016
209067485
209171233
209235746
209276806
209358654
209400328
209425243
208541419
207701263
209406168
209408331
209681343
209667100
209674428
209846910
209093667
211013725
209847175
208769544
208826837
208777207
208785618
211388476
208775152
208512961
208183520
208863844
208910096
208911940
208963096
208997690
209011011
208910390
208976783
208976926
208971347
209251448
209343693
209250810
209351493
209341257
209371113
209382091
209394675
209402785
209354197
209261162
209261139
209421025
209361481
209475623
209486793
209416163
209431299
209438089
209438086
209438375
209396058
209396093
209336355
209662869
209692048
209692037
209657957
209657964
209703409
209692509
209692478
209046508
209658031
209748817
209742533
209742540
209742795
209742816
209660218
209766672
209757033
209772372
209772392
209695038
209695047
208185421
209754775
208899615
209858983
209785054
209785073
210335638
210340127
209751644
210466735
209789729
209789734
210467398
210467403
210460552
210476225
210452793
210495177
210520128
209373438
209792707
209792729
210565047
210560370
209819638
210591736
210601271
210601317
210605988
210606007
210618802
210618916
210577082
210618557
210606540
210867927
210654374
210871092
210872170
210872173
210872883
210623191
210887637
210637711
210906058
210938596
210963272
210875950
210945208
210972814
210972830
210978229
210978302
210979389
210979376
210961171
211007046
211014557
210974501
210984942
211046691
211046864
211055737
210998077
211246143
210884175
211085027
211085474
211029692
211080835
211080856
211256721
211299175
211349525
211351405
211337781
211337754
211324021
211295561
211295570
211366581
211373476
211373481
211397150
211397199
211363535
207291732
208842349
208303824
209286030
209313742
208522578
184259293
209970530
209931554
206685193
210570975
210604308
210858561
210816028
206488980
210349541
210349761
210349932
210350023
207683437
206884264
209112822
209240578
209888397
210852725
210124628
210242909
210243504
210243963
210284569
210944944
211350341
211350359
211407112
198771502
203942415
204741838
203935456
203941637
209481489
209507888
209508016
209508117
209508217
210079209
210081768
211086222
211042827
211044005
209815651
211090498
211342085
210093951
211097553
208179476
175015344
211320496
206043489
210492672
210577155
210838439
210839171
208460987
208833486
209237763
210139473
211260971
201685252
208884037
208912520
209221213
209260358
210453595
210843052
210862086
194765014
207289136
209001193
208536289
208538689
209001942
209391860
208635434
207311923
209730956
209039327
209039338
210877754
210877770
208887733
208271374
209994737
210225473
211465443
211630349
211793011
211795718
212280532
212487687
212493470
212502584
212751041
209240443
211380743
211666873
211676661
211666873
212008455
212048430
212051968
212056360
212079499
212102954
212403883
212017706
212060551
212121382
212124819
212124821
211043701
211584988
211636227
211916454
211917352
211917058
212020849
212079322
212079314
211738750
212122933
212432232
211427566
211386947
211367411
211367435
211647067
211679228
209810766
211414512
211414538
211302135
211302247
211750828
211825428
212041748
212065362
212042804
211766250
211766272
212067826
212075209
212060575
212065606
212064936
212068102
212065624
212167725
211767985
211768003
212135446
212102820
212185948
212193879
211130173
210877567
211342387
211369939
211417635
211759194
211808061
211841009
212062292
212105922
212147040
212162896
212173139
212168880
212202042
212464958
211610911
208951704
201744900
211111549
210944524
212643972
210473462
212648070
212681888
212686651
211429549
211429552
211692877
211692901
208513758
210983701
208918360
206114096
190993558
211479830
208784824
211257514
212684019
212712633
211328487
212113775
212322049
211653999
205230550
211756609
211507390
211575934
211583575
211629315
210688954
212039474
212052604
212058933
212061222
211997142
212062057
212311855
212635664
210956489
212377717
181279239
212111281
212124603
212149205
191368221
208963931
208612010
211475233
213246405
213283141
212775673
212819700
212981839
213119007
213121546
213828222
213876334
213895687
214154777
213278779
211627333
213339165
213613058
213619691
213651192
213712892
213712896
212848358
212936531
213328866
213694969
212406602
212386503
212386514
212878212
212881926
213010428
213010434
213347211
213347227
213472148
213472213
213783660
213783679
213884876
209806963
212414800
212895130
212174766
212174893
213338619
213356589
213505137
213568563
213355731
214282785
213348513
213340293
213386776
213842952
211034921
211034910
212432361
212929815
212105541
212200964
212924050
212919287
212944202
212944213
212966960
212147531
212105050
212970018
212178902
212912876
212912884
213062100
213062268
213046369
213046389
212989478
212989495
213078605
213078777
213067871
212972674
213316565
212179298
213330648
213339375
213347422
213313294
213341407
212977503
213380857
213368455
213403193
213453833
213493609
213768360
213428443
213428641
213781513
213757470
213819241
213502008
213357169
213778090
213451878
213874709
213840908
213864002
213882605
212185776
213970039
213812756
213805242
211006544
213907885
213907890
209302979
214252821
213881020
213881030
214272353
214290842
214309441
214174064
214318614
214318531
214281405
214331820
213042519
211261487
213088991
213131453
213572685
213813648
213992101
211611273
212859633
212882724
212883183
212884103
212884109
212918291
211001483
213023347
213737210
214069043
211550878
212564856
213036173
213111248
211700675
213303844
211227978
213383833
213466286
195885816
212229506
213378223
202594476
212735333
213024258
213095296
213395720
213709849
213291399
213332465
213340504
211916976
211762944
213761789
213175599
213176631
213221828
213295614
213296797
214083243
214096104
212061604
212851320
212883798
212891195
212938555
213021502
213263103
213299417
214152997
213021766
213035222
213378144
213983876
210817251
213813684
210831117
214497429
214119107
214500046
214509568
214851769
215034489
215036598
214851840
215111453
215137458
215371058
215111320
215797867
215800519
216189133
215810096
216199330
216209215
216214923
216215021
216220209
216496792
216604791
216630840
216220191
216634526
216921134
216949214
216967928
216970075
216970109
216986867
216985681
216992368
217015771
217037391
217040565
214574081
214698656
215440666
215492336
215527876
215549164
215678973
210844753
214554892
214608732
214643264
210844747
215873501
213713034
214523606
215739713
215451208
216343107
216343119
215803062
216721604
216721619
216630778
214573814
214905049
214929271
204582516
215127238
217285219
217285360
217285434
217286588
217290485
214295862
216355032
216359941
206504262
214043113
214275307
214620621
214321615
214849080
214321601
215839626
215855494
215839674
215839682
214321561
205295690
215742936
215742170
216506511
216694741
216506981
215981206
215446671
217279298
214340631
214383016
214390280
216111951
216482529
216546086
214626837
214687980
216547947
216509642
216782815
216855662
216151368
216136624
217216192
215658633
213134282
215208117
215219308
215245689
216921848
216925048
213750204
216093255
214311860
214450610
213883098
213883585
214544833
214326159
214326183
214570670
214578382
214356048
214576643
213924178
213923941
214680502
214684434
214636409
214681169
214681651
214696036
213769028
214697321
214568065
214734951
214700329
214700363
215439803
215439811
214645244
214229010
215469122
215468568
215470560
215509809
215591616
215591722
215591247
215601730
215449900
215465280
215863283
215595899
215860163
215849422
215908417
215908564
215938044
215938591
215928165
215956252
215964874
215976788
215903173
215996164
215831681
216245235
216245330
216302284
216314481
216889686
216889875
216702327
217049744
217062868
216734335
217104212
217107843
217073171
217110521
217110531
217111573
217124756
217124866
216732304
217147487
217143059
217153200
216807119
217094560
216805203
216759982
217202648
217222785
217222825
217224137
217213142
217231823
217232280
217232424
217231023
214528872
214744061
214521617
215484107
214904481
215366827
215931391
214551426
214764996
216367278
216410593
211759179
216792045
214606831
217174939
216026175
211899426
214798918
214519839
215179016
216441817
195626074
216138979
216123577
214601723
214662058
215479416
215522336
215597661
215811202
215870292
216014303
216014973
216200125
216256762
216315228
216373885
216380539
213998887
214617069
214669180
214683574
214700714
215473257
216367772
216368802
216394457
215865197
215996946
215809250
215897807
216672823
216680765
216682309
213859456
227037249
227495086
226899814
227775831
227825171
227825218
228025109
228030765
228191654
226899756
228025083
228214781
228875073
227447484
228404524
227149161
228783406
228831865
228397580
228916122
226370133
226370137
227493748
227493750
225153620
227845921
227906301
228177480
227532129
225484456
227469603
227469646
227924079
227946610
227885108
227885108
229005482
229053418
229402287
226817682
227005113
227692062
227748752
228050774
228461559
227668139
228719598
226830983
227586803
225764780
227710496
228002575
228002600
228042513
228049073
228112104
227951285
228111999
228454284
227951430
228737897
226831920
226838507
227351987
227557436
227551137
228032603
227551139
227557812
228535215
229400408
229400849
229268329
229407674
229407678
229413992
229413994
229414198
229414210
229408544
229631848
229644395
229631957
227595115
227589031
227589067
227605027
227605020
227611510
227611528
227595593
227650480
226306801
226306806
227535381
226837452
227544731
227603668
227603537
227605379
227584119
227584146
225957734
227627038
227627077
227870258
227870267
227927531
227939511
226847475
226847570
228000485
227979876
227979891
228075124
227957570
228238351
228238984
228224948
228251359
228251370
228297997
228241312
228305826
228295919
228317116
228317374
228314994
228344604
228235219
223858951
228364641
227977824
228305072
228357994
227969969
228402605
228333503
228333868
228252489
228382963
228383683
228639126
228325444
228640598
228654885
228640379
228640382
228445455
228445440
228722609
228665644
228759644
228767650
228724009
228724004
228764440
228806147
228806150
229020459
229021267
229029489
229060521
229087925
229097616
229048669
229111737
228796202
229097232
229114668
229114414
228812581
227394285
220656231
224389675
218095462
225973819
228324027
228160068
228362564
227771442
225544932
228144834
228793038
228411049
228447808
212885218
227473448
227882920
227885757
227983470
226733101
228089859
228071085
228787106
160963811
226455139
228162055
228970952
226455119
226093511
227094038
227542578
195364051
227569050
227593846
229107140
228755634
226755938
227848766
225925441
227849299
229036664
225126561
227073271
228345016
228371032
228407512
228634633
228649848
226400681
228285363
227936213
228354141
228508348
228199884
227050755
227528468
228979561
229417599
225266892
229586121
227903163
227932230
228318200
227266139
228239903
228587926
228965242
228966739
228971958
226802680
228249537
228647510
220578405
226964381
225804698
225804729
228170772
228170779
228176076
228176081
228533796
228170340
218725537
229587529
229587771
227765227
228529784
228554017
227461326
221432906
230274820
230683736
231722093
231941135
232118007
230277332
231070431
231067344
231067350
231109306
232336581
232042991
231307769
208905070
229631517
229894901
229925238
230012108
230194604
230205437
230446566
230277356
232054751
230531221
230531415
230536560
230557317
227668513
230710960
230753089
230761570
230711668
230970712
230973867
231140940
231628086
231732204
231495231
231737937
231738439
230711767
228496827
229162843
229950916
229951767
229985674
229126337
228452173
228496554
230483634
230484545
230500000
230102773
230747538
230760684
230339465
230531378
230885080
230885294
230910879
230826710
231138848
231251338
231273123
226176532
229647974
231872288
229149569
229137661
229872030
229177145
229987718
206521417
230084727
230245535
230240816
229161946
230272138
229046032
230264609
230266230
230272311
230293770
230284791
230261112
230320051
230320607
229968214
230296671
228779863
230273132
229032829
230336981
230329305
230406356
230409690
230421494
230654737
230688796
230713475
230360034
230819602
230826804
225941574
230899085
230692416
230931154
230866071
230931894
230796204
231055723
230281804
231064049
231101260
231125990
231090068
231140327
231186146
231223844
231227960
231228534
231230547
231167111
231081972
231316569
231459914
231457589
231467213
231481476
231479384
231481826
231463477
231494454
231479161
231529539
231539216
231540118
230708143
231601249
231575799
231649200
232324901
232343401
229061815
221594037
230484862
230644331
230003735
230305971
230466797
230601393
230920985
231102759
231161195
230030919
231314915
231631982
230010427
231699377
231824764
231966513
231536854
232199394
231184722
231586782
230275172
230551603
229247967
229248068
231647861
232395869
232386413
160963811
221391036
231419883
231634556
231663781
229521072
231787280
231862123
230670260
230670268
219572371
229114226
232408409
230951174
232431192
229049214
230217675
228404432
229886078
230026724
230022061
230022232
230026955
230628249
230879894
231569628
222090438
229279412
230033523
230558783
229836854
229873943
229995376
229298433
230143890
230206217
230259646
231424158
231448050
230200995
230608080
230701942
231136922
230700717
231463488
231152815
231477378
231902526
231909504
231920044
231909880
231918240
230883226
229931964
228873360
229364749
233283959
233449713
233036673
233857275
233483164
233591130
234161404
222087312
234585016
234906535
232346635
235379563
232336581
232042991
233142123
233200179
232042991
232336581
204230684
234837269
234839723
226405221
232902753
233292487
233401506
234017523
234171695
231884015
233401805
234172416
234842874
234373723
234373424
234849629
234848903
234847410
234855160
234853919
235184360
228810039
232849039
233756843
230531391
234876928
235237463
227968370
233758284
233758286
235345823
231141421
231141429
233422587
233502708
234511475
232737472
232889671
232974187
232989939
233287653
233361758
233536191
232971848
233554008
233521407
233680753
233790286
233689567
233903709
233680855
231561003
233914114
233955325
233938764
233902826
233997811
234048737
233981134
234070005
234075471
234715572
234020375
234713565
234734066
234786663
234762851
234733001
234868417
234894006
234880535
234896056
234789325
234790132
235142548
235210200
235144805
235215551
235192363
235211176
235217334
235211352
235246180
235265670
235264015
230001605
232639579
230885434
233027331
233026913
233165990
233533291
233015405
225878386
234166275
234187550
234309613
234309883
234318574
234318803
233874836
234310044
234950937
235137628
235151733
233027848
233014881
233180292
233477056
233847091
233894302
233962277
234635051
234635117
233224315
234833290
235203287
229583785
229433383
233353102
234854671
233041338
234888276
232282021
233253252
222775561
234158902
234161296
232408421
232754426
229126434
232994150
230995429
232640501
232576301
232576363
232723487
232809734
233777787
233768284
233527625
233954526
233985633
234000647
234113323
234113988
229490526
232972003
234476657
234604350
234591276
234567585
234612953
235302726
234972069
221985528
232666086
219177410
232696906
216540548
234219311
230622938
233268042
234258609
229509231
230653062
233528150
233583966
231754005
232743810
233441261
233583193
233836480
233864732
233868407
233872489
233872838
234283474
234697483
235124058
226427651
229153200
233590394
234037835
231525161
233224566
233538358
233730588
232120007
233736708
232224384
236122423
236439430
236894387
236899425
237456308
237567131
237931547
235569396
237103473
237365873
237385692
237385805
237389741
237103473
237446893
237446893
237857856
233541960
236325862
236332202
235323062
235579093
235784965
235338491
236097702
236206276
235208850
235208994
236433094
236433728
236456783
236456935
237140758
236603331
236433632
236603394
237246239
237777672
237788959
237715976
235657768
235643513
235756501
235756614
235752483
235790497
235792732
235757838
236445414
236452343
235767345
236027778
235273329
227968359
236455373
237615449
236459945
237628412
235361296
235361305
236455275
237300840
237657760
234298813
235917459
235284701
235166633
235516866
235272080
235272288
235322579
235521505
235528741
235540408
235554802
235564272
235563932
235285094
235511348
235658145
235558302
235634655
235660822
235676877
235678738
235707108
231580636
236377165
236289161
237434363
237542215
235030065
235249576
235149729
235672204
235789844
236145954
236059570
236260948
235975568
236182161
236366128
236491665
236736194
175519003
234234837
234635247
235851147
235854022
235909832
237225235
237372244
235411535
235967701
236313947
236322664
236323186
237182737
237346795
237346870
237325696
237428711
237428750
237349063
237350319
237079518
237573057
237573053
237447172
237447177
237571992
237741703
237805557
235967754
235087679
235991680
236004356
236167493
237441777
237415462
236088029
236336233
237078306
237089137
236143034
237107468
237127275
237133219
237187910
235397777
237261127
237254402
237507053
237623841
237627560
237825493
237849549
232666799
232671677
235909955
236266537
219586941
235124727
236337628
237041672
237042934
237122923
237317992
237391809
237845618
233595637
235481112
235493051
235516500
235490640
236252447
236272874
236276589
236288174
235953098
235544625
237087889
237123201
217752212
215043277
214350461
215865849
218807702
218816250
218798141
218517261
218888873
218905667
218249500
219034793
219260531
219268198
217729541
217730891
217742558
217959534
218228741
219633405
216507778
217325741
218125951
218463838
218430503
218464280
218576860
218481586
218584512
218548670
150718700
219014613
218982578
212202078
217625720
217681965
217704140
206397260
218576155
217719870
215609425
215297701
217160036
217160056
218158887
217130104
218045768
218349588
218785549
218892247
218893030
219177687
219648242
215173902
217065597
216283126
216854244
216854251
216481952
217086011
217466325
217469591
215335936
217518610
217519006
217716220
217518375
217776444
217964082
209750943
216880103
218001419
218148492
210515114
218356937
217798062
218655419
218327256
215251971
220355142
220488891
221081350
221121797
221126984
222060824
217255186
220842821
220990478
221379489
221391088
212664925
219823320
218967944
219872089
220135519
215984829
219196451
216538593
216622432
219472912
220776272
220738900
220819152
221026993
221006324
220950314
220652568
221162101
221390860
221348432
221514061
221569460
221589573
221765566
221835401
221882240
221670771
219941505
220011371
220030703
217905905
220044496
220160109
218631193
220719638
210771432
219208812
220193527
221268722
220654062
220662652
220827127
221332820
221455413
221660814
221670222
221672026
221699270
221708921
221720369
221724710
221734607
217607645
216744008
218919041
220073501
220079224
220207621
220278115
221309817
221700040
218609212
217294237
220964505
218808669
220628347
221884226
221789480
221789501
220406712
220406935
220582175
220587939
220603852
220599867
220635553
220895077
221662128
221664551
221665840
221364934
222626961
222636529
222632562
222636960
222675881
223339462
223340791
223379293
223258514
223472942
223418795
223664802
223694809
223699193
223785042
222594975
223634130
223793329
223772245
224018786
221251173
223115143
224656146
210931330
222478662
223163640
223167589
223167925
223367510
223541728
214885601
222459237
222197770
222866173
222353443
221593507
223070800
222917046
223146182
223203178
222508028
223747869
223293476
223793481
224139463
224297628
224117080
224384151
224512917
224555882
224558450
224572895
224573767
222574383
224785558
222335947
222478784
220725662
216313308
222454183
223598308
224329056
224362824
222292431
219821187
222707089
215342217
223088616
222869387
223523919
224857723
222966087
222966396
223574466
221915268
223446028
223507594
223540080
223985644
224060715
224857689
216567462
219580211
222724619
222281739
220923021
222836164
223040749
219225896
224024705
223935971
223619457
224409388
221667666
222823445
224362016
224363698
210419502
224369302
224166603
224916767
224935860
219530509
223381699
223422558
223721186
224019258
224020709
224221855
224457466
224464794
224488135
224498995
224502527
224508066
204494537
222504101
216583640
225044358
225224426
224310798
225216199
226011200
224127920
225307442
226191870
226542807
225123336
224424989
225226270
225296711
225344251
225706931
225724084
225724835
226118050
226118080
226164450
226164495
226477116
226477120
226535399
226590065
225002369
224388219
224388670
221449900
225019454
220661746
225598927
226012380
225104383
225195117
225252121
225262663
226001172
226296501
226704491
227347475
225285309
225892129
227237663
224310940
223852197
224263002
224936881
224008808
224237547
216751390
215558476
225667150
224924417
224921193
224921202
225144566
225220189
225239284
224826505
225288915
225600927
225610293
225612625
225601105
225644237
225652538
225598889
225946949
226011507
225941420
221764373
226086125
225670762
226445525
226367689
226474801
226489002
226782828
224569074
225328694
225329817
225391143
225391744
212014299
196772432
198222242
198976020
199058265
198030026
198948003
197343846
199230799
195580124
199208735
196850989
197443174
197416449
196717342
199115933
196646397
196646395
197788589
198134934
198915905
198928511
198988228
198988247
197821136
188592132
199103149
198932989
198932932
198988861
197477921
196458206
198537843
196457618
196001225
197029992
197993045
197105250
197642694
198548645
198629305
198763451
199258962
199294612
199368549
197561510
197827348
198307747
198444748
196387284
199124409
199125064
197409084
197649962
196306182
197256205
197491560
197491689
198832977
199121226
196711837
197815743
197631199
198874584
198970404
199179309
199254553
199269790
196882705
196407395
198255547
198738968
198740156
198752404
198775429
198210776
199100359
199150607
199260069
195300497
199058737
199455329
199850650
199058829
199855604
199155764
199403123
199483223
199412264
199412277
200065876
199751534
201063433
201312684
201797517
201798182
201801597
201434257
201805745
199221122
201823679
199756839
200125405
200544590
200469068
200605922
201765916
199117909
199258790
198946446
199106658
199420705
199749549
200014097
199762230
200022653
200046158
200177798
201606465
201652306
198752183
198756452
199758801
199768975
200604797
200783476
200719707
200783543
200820735
200886750
195904395
199318016
199530627
198970790
198143038
199310229
200475004
201631759
190716973
200612158
201110857
201127989
201132729
201554042
201554058
199515910
199516351
199901242
200874959
200890485
200890605
201076433
201191633
201467329
201535201
201787159
201859069
199401656
199398343
200103762
200507623
199358275
199385394
195965320
201674977
196865378
199909652
192757222
199939711
200799701
201558357
201851677
201300816
200567808
199527501
199525229
201076762
201088033
201144132
198969475
196324358
197668332
202131124
202171114
202537744
202608217
202543632
201824065
202661486
201017402
201857867
202120565
202123389
201161985
202124873
202454586
202785052
202822619
202984529
203162531
203274134
201725327
202372584
202511779
202850608
202856715
203045766
204064632
202083283
200888674
201041535
202870831
200290837
203728104
202358686
202360079
203294417
203294899
203295847
203295854
202635398
203833405
203886669
203498946
172054968
204242454
204242838
204137363
201935178
202293676
203347528
203352991
203573819
203795661
203817251
204245521
204097972
186166785
203169924
204107278
177059997
199996879
202358992
203454620
195421925
202170878
203833033
203723292
204531622
204507018
204610118
204722782
203344436
204076045
205359194
205518188
205492073
205522464
205492073
205563182
202781165
203591197
205573497
205257846
199901617
201457737
204067230
205189699
206008916
206301479
205161964
205448639
205469372
205524692
203729053
190662623
204952695
204598001
204980943
205477951
205516076
205745024
205765050
206105354
206106155
206123372
206158723
205314065
205596267
205803285
204884822
205059815
178646022
204658002
164041119
202176181
204928531
206155644
188460436
188912531
189661051
189677293
189767052
189787162
183595906
189267436
189336221
182374650
182374656
189209036
189557995
189563487
189590588
189596032
189607865
189613351
189636825
189646744
189648448
187814083
188014855
188014950
187847744
188164505
188164638
188164604
185890272
188241602
188606656
188954637
189022943
189331538
189358322
189676509
189354007
189684162
189707975
186142764
186143134
187718480
185477517
188482531
189135380
189237011
189285917
189467246
189286466
188250625
188279663
188856186
188864115
189319742
187870335
183069929
187870222
188771113
155508944
188912664
188917729
189522654
188461794
184397809
186261374
185390671
189476075
189480828
189484415
190035323
190053099
190243217
190327021
190430911
190687344
190729331
190776401
190934620
191960173
191967330
188541169
190278332
191395919
191672912
186625673
190158505
190471282
190432769
190680942
182713042
189236166
189236172
191382174
191679138
191387882
191755616
189573467
191660133
191660216
191776785
189925599
188185687
190046800
190735366
190035729
189349046
191222904
177861097
190812775
191106408
190712278
190712765
184809737
190713488
189593788
189520543
190303916
190236518
185475007
190686029
190308373
191010158
191281422
191282155
191282421
191285390
191285979
191293135
191305490
189965157
190183181
190894246
190964974
190971338
191062959
191292913
192092425
192099415
189433635
190752694
191124170
191437286
190420142
191954919
191929541
192008925
188614509
190578281
190580909
190674457
191045430
175738625
190229561
188916808
191455489
191767901
190205443
190205775
189558403
185965320
190149781
159864562
191228901
190677536
190699209
191681989
192121954
192141227
192216238
192370213
193083903
193246770
192767410
193279678
193431356
193533805
193589925
193624805
193720565
193883904
194344745
193976266
191927417
192074839
192738515
193764237
194203880
190790158
193176794
186629181
191732214
191795129
192823994
192824300
193148279
193182923
193187795
191687229
193420941
193397793
193397807
193809981
192848024
193857974
193857976
193503899
193503877
194523840
193899773
194584669
192709943
192709276
192157106
192215786
193964338
193969543
193984018
193855497
191223927
193888145
191767303
192343006
190477169
193116695
193590521
192737365
193259439
194080509
194083722
194084153
194084286
191311883
141594712
190703365
193360499
193006349
165529201
192296694
192301523
192305824
192338168
192352054
192372917
192431237
192471784
192594006
192600947
192666457
192685405
193493592
193521151
193665664
193685466
193966604
194210555
194243026
194286723
194487266
194495151
194577081
192014641
189186030
193792352
193821284
192427061
191534307
191458971
188264620
192775967
165040991
194541911
192803215
194553264
194553434
184306939
192280280
192588501
193303581
193296880
193317750
193325468
193328873
193385965
193414323
193652155
193974967
193989767
194143119
194173380
191495104
194746080
194746790
194692346
195932428
196879211
195917942
184547677
196080408
196085632
196089078
196507810
196831878
196832241
194321392
195554355
195592276
195880779
195990781
196072581
196148338
196225835
196225920
193900872
194611147
194611186
194874155
194874176
195620414
195620441
195636163
195669657
195754927
194511507
196011336
194000348
194608335
196373344
196382279
196390683
193908489
195997519
194589816
195229697
195329156
194816777
194606229
194770882
194779596
194784527
194805959
194871886
195054989
195071551
195127702
195193651
195926468
196290030
196290642
196308648
196581653
196642067
196877574
196884108
196941444
192280301
196234047
194356695
194342152
185300229
194509338
191730350
195611867
196969846
197000076
197026518
197029931
196092157
196092284
196475157
196476000
193861019
196476468
196481407
196481087
196481668
196487261
196487263
196482110
196561433
196494652
196494853
196649620
196563083
195098383
195670750
196095171
196351153
195300105
205641678
206177493
201801827
201801834
207136984
206562696
206647354
205959728
207089500
207481935
207680411
207680807
207796355
208298940
208369760
208341885
206618047
207593445
206050964
206415065
206456322
206473407
207079587
207383889
207475552
208361965
205481705
205609062
207629460
206732864
205632613
206513801
206519461
207271041
200474884
206605268
207092179
206438392
207350315
201925126
207434624
206585805
206708051
206983517
206991349
206989549
206989756
207038137
207038174
206201079
207037903
207040104
207064137
206710070
207367921
207377425
207379353
207415857
208221906
207415530
208226029
208226392
208519454
208519496
206276206
206526167
206539163
206550531
206551040
206551114
206551212
206551313
206551595
206551739
206552051
206552097
206552162
206552342
206552386
206552431
206552783
206552967
206553093
206553160
206553503
206553681
206553808
206569974
206670237
206674100
206916954
206922583
206937097
208125241
208185384
208193565
206015724
200756727
204502935
203913214
206625244
207072084
207076986
206952114
207439858
205772963
207554919
208356874
208733807
201744483
206628748
206725449
150444289
206935861
206712126
207291563
207375225
207938041
207943932
207494189
208139916
208479465
198982379
208626443
208626580
208629503
208629615
176213949
207295972
207520979
208170240
208750753
208320484
209804557
201848900
210630224
210612636
208903125
208122875
208542777
208456424
208814539
209072123
209092974
209123459
209196617
209066805
208604359
209346032
209770960
209151100
209056844
209882103
209590181
210417330
210419994
210775261
210825471
210976991
211055561
211166335
210113488
211126911
209973211
209977991
209979669
207191589
208833066
209827000
209840868
210680983
208662546
209525115
209819132
209865724
209892362
210557280
210567523
210675828
208359683
208365088
208890925
209495084
210728303
210866361
207272152
209915850
208439326
209464840
210510209
209824537
210652326
205417888
211261616
206298980
208943059
208613350
208613356
209010177
211416161
203538842
211488030
211488044
209366376
209700873
210567383
210581396
210592706
210673126
210912763
210947262
210978066
211101605
211120712
211226219
211251282
211413605
206414151
209902675
210091154
207636035
208910361
209016929
208546560
208526378
210071758
210608644
210597949
210992467
208906268
208994466
209368470
205110965
194472535
209752564
209653248
209763748
209830017
210012206
209813399
210243560
209927329
210639995
208404848
209694475
210552954
210586776
209201569
212727247
211279548
211573066
211663319
209755313
211202566
211578509
211730008
211615903
211848049
211955357
212451083
212452404
212467634
212144797
212226881
210739363
212579340
211988779
212603284
212648423
212672074
212676190
212688224
212744517
210105777
212595748
212813552
212686451
212574373
212988887
212706847
212680084
213117846
213372380
213285665
213360399
213153663
211646649
212985459
213802276
213977409
214357135
209979958
211944731
212356577
190361961
211456623
211897436
214122803
211839193
211847843
211862604
211861359
211889432
211889383
211904081
211894048
211894059
212240164
212240171
211393013
212243845
212263951
212263958
213404533
213404553
213408816
213408855
213526843
213846895
213846907
213893837
214284728
214284772
212250676
214297473
214297470
214385695
202365199
210728557
212177846
212181251
211885049
212185172
212191716
211270150
212933850
213729962
211336716
211466270
212948326
200614760
212417841
212421808
212498956
209326840
212079155
212637681
212641055
212955227
213140840
213306996
213519530
213726198
213974448
212500963
212557099
212644683
212813744
213174413
211634471
213455812
208630004
211224517
211404279
212712535
213465122
210633102
212042167
212060953
212401417
212453813
212402324
211452930
212916623
212978663
212727137
212792523
213002679
213422594
213462228
213736318
213735532
213815226
213850911
214136448
214138595
214141329
214149563
211757763
214352793
187013313
199839536
212013349
215683291
216328285
216504289
212664857
214411048
212874916
214791287
214794077
214820590
214890182
215799179
210338088
214604082
216097301
214059036
214399797
214760917
214784852
214785137
215600177
215600196
213580040
216609647
213580350
216809886
216814975
216818118
216861681
214766986
214733897
216945954
215669706
215669722
217287516
217287501
216775483
212227500
215272613
215500209
215563660
216050059
212745095
215616378
213957918
215873977
208994822
216461564
192435070
216718666
216310813
216788626
216782328
216821982
216831115
216830409
216882883
214604500
215164482
215219834
215845753
216061631
216327631
216366264
217256163
213627551
214469344
215059046
215061115
215174923
216555677
213334876
214814648
214326817
214997143
214550293
215588174
213979813
214352793
214231309
214657266
214705559
215228288
215228009
215299301
215235595
215375886
215389646
215397316
215397415
215426447
215378366
214702884
215856532
216598602
214290930
226956840
228277806
224356766
209816574
223721096
229223019
228408255
227942804
224022470
228248681
227893884
228565893
228721406
228744778
228875388
228876930
228636993
225262048
229117912
229526061
229572341
229149988
226673729
228057106
228489663
228826878
229255500
226564921
227776143
226972356
227711461
227698976
228061027
228814662
228075473
228018722
228857692
226712811
227836031
224023841
228751886
226822668
220641018
229017645
227428357
227560372
228227765
228234792
228781915
229647315
229647745
229694370
228472531
228471367
228511209
227583608
227637083
228801928
227974117
228717177
229551124
229551146
229512714
228267881
228340708
228670053
228588634
229032226
228839115
228839642
219828131
229281508
227861774
229810697
229955825
231070060
230418432
225177797
230775678
229572341
228817886
228818009
229214185
227786881
231653530
229754817
231354445
231380269
231503252
231635480
231282870
222521850
229211866
230366746
230368412
230077306
230241501
230261913
230640872
230806195
230825760
231067683
231134154
231144129
231144353
231147404
231152065
232035351
232059264
232106352
232120667
232145498
232408471
229409074
225895681
227995871
230023235
230023239
230828769
231227524
231228035
231243248
231382793
231383151
230461355
231763794
231764005
231764479
231917921
231765304
229809869
229908857
230267563
230653298
228979153
230804283
231169909
231474453
231612056
232014824
232140216
232320277
232335042
231528355
231250627
231250642
231706519
230559281
232879816
232578686
232724743
232818348
233230383
226956873
231224901
231126497
233764571
232922008
233738559
227708642
234031391
234028831
234081497
234114649
234126017
234144139
234144586
234117933
232486921
232486887
234849706
234144981
234870269
234901343
234906411
234936554
235281155
235308970
235343802
231689077
232844073
232844102
232988448
232988476
234712257
234712267
232779331
226120611
233721856
231103888
232773501
232871101
233132493
233219056
233223666
233332670
233613836
233633676
234491542
234529840
234559395
234773821
234929201
230704413
233316925
234775998
230401979
232126216
232895034
232895014
233703640
232491315
232446196
232698098
232746756
232817870
232408468
232734872
230717577
233287398
233087591
234037321
234058787
234061455
234344815
233556620
235190378
234366520
233864040
226105463
232498509
233315341
234153921
234909950
234927179
235091693
235100523
235321044
235321050
235325097
235325626
235375764
235375688
235377151
235377511
235379479
235275604
235279971
235580633
235675847
237163058
234304553
226327213
234235179
236633910
237019052
230916963
230916950
229531379
237668533
235771624
235771645
236532717
237550605
237550629
237648016
237648034
237654101
237733976
237733996
238076082
234735922
235142508
226863056
230024394
235912098
235923691
235933706
235998774
236032309
236089505
236317390
236319575
237159159
237174075
237424854
237440051
237448338
237462346
237560185
234804588
236920714
236920717
237589058
237589076
235537856
235549252
235248067
235616789
236291707
236320129
236308284
217171192
236440379
237135549
237033727
237186714
237226650
237532554
237847529
237848105
235391286
235490564
235490570
234930207
235507092
235637856
236727279
237131775
217311342
217567510
217567781
218177193
215126513
218510909
219363759
217348788
217348781
216999546
216999553
218332925
218332933
217421576
218333810
218333818
218249687
218249692
219169434
218589092
219216129
219216703
219390612
219518517
219490821
219986248
222039793
222040047
222040081
222040103
222382011
222382169
222382291
221047848
219800227
219879011
219880393
220182370
219805648
218622575
218622583
220140109
220425789
220425797
219958450
220145561
220146066
220654308
220750697
220750708
221003128
221199763
221439505
221216418
220859226
220859509
221230063
221230098
222254169
212031522
221316049
222029018
219872036
222387913
223030898
223705320
222181004
224031290
224033281
224034627
224690274
222836334
222837774
221983924
222258293
222258299
222267227
222267271
223616733
223617109
223771698
223794513
224063743
221669150
223456674
223905959
223936566
223940283
219446583
225128054
225350466
225786881
226138275
221549463
221549485
223363647
223371337
225862004
225775722
226186962
226220951
226052098
226228804
226275568
225866920
226318855
226276970
226585075
226587044
226587054
226611612
226608256
226637517
225022401
226666777
226670655
227013475
226920322
227011031
227011036
227013697
227022312
226696104
227156067
226696110
224003628
225861855
225909076
227142777
227147042
227147513
227152395
227164904
227346456
227351481
197698728
197699697
197700632
197701264
197700541
195729673
197197749
197509753
197517170
191831426
196698041
185063282
198285092
200409004
200408986
200441225
200442866
197537634
197537646
194671227
194671266
199089667
200214754
200218410
200218414
194692987
194692993
200302307
193694108
199729814
202351401
202350831
199034129
201245390
202109919
203943890
203943295
199500881
205123383
205123407
202463544
201235052
201235070
205591026
204238838
202145838
206131922
188872707
189765088
189765108
189765135
188143873
188154166
188334021
188714148
187791266
188742267
188743451
188746388
188746398
188722977
188722980
188392391
188788642
188788648
189037053
187807657
189133010
189467136
189467140
189479148
189479171
189652314
189701852
189331628
189088475
189636833
188429082
189461813
189702178
189919019
190055267
189708163
190347283
190067012
190800230
190800357
190902157
191001148
191017581
191108814
190806485
191130915
191150652
191150654
191463380
191522078
189910694
189702185
186722478
194020345
191789775
192858258
191482624
192873261
193500332
192900969
193556396
193551310
194565669
191117304
191117318
189476479
192239669
192282466
192303257
192601265
192690387
192717332
190587725
193667652
192586682
192548059
194589757
196106797
196322592
196322560
196329896
196326741
196391069
196392378
196687662
194634321
194634323
194692329
194692331
193563556
195000870
195032383
195032406
195062603
195713521
193356818
195104945
204583444
206545451
206545614
208265209
208267410
204734269
206706088
207200275
207200290
202710328
206014691
207570907
208245356
208249812
208435281
208435909
208379139
208468890
208636115
208672764
208673480
208727182
208689606
208752052
208752451
206567094
206571512
206912147
206996627
207012980
207263895
200550761
208748632
208786110
208791248
208875471
208900525
208765391
209106087
207497206
209108555
209109241
208351089
208783663
208783869
209893411
209232193
209232197
209963290
209963302
209968103
209968123
208275229
209991432
210387530
209175908
210392293
209991475
209991477
210047661
210440568
210621543
209971571
209971573
210647093
209964562
210768657
210771100
210822399
209966721
211037604
211046216
211046996
211047190
210764781
210767457
210767500
211039175
211162174
211067594
211175617
211173871
208569483
208971998
209308955
209663402
209699754
209753520
209754392
209754983
209755376
209755793
209755887
210013356
210014101
210450732
210459395
210474667
210526396
210576626
210799714
210804591
210901845
210913899
210983342
210985268
210997750
211209421
211376207
211414194
212403883
212406602
212428771
212429130
213081374
213718769
211518475
211582881
211580610
211677212
212338159
212346149
212346151
212378652
212379469
212378660
212379831
212380628
212545369
212545500
212616383
211531541
212860010
212861446
212861482
212876543
211077167
213083071
211099109
212736199
212716785
213308248
212939897
211933775
213243267
213266032
213266254
214094113
213461101
211613090
211665316
211698573
211847828
211852215
204582516
215127238
217285219
217285360
217285434
217286588
217290485
215601030
215600888
215620284
214844988
213233254
215084266
213589069
211164792
216107016
216559378
215697457
213233267
216889925
216943222
214160614
217180358
217321023
214870694
214871043
217346789
217346761
227536044
228784147
228850071
228929252
228850284
228998289
227124127
228088356
227032329
227959263
227836869
228135014
227158203
227159109
228517101
227784791
228142036
228559916
228584629
228606930
228606943
228559709
228560073
227962861
228616462
228767907
228767909
228074206
228794331
228805983
228914005
228993733
228774423
226672907
228998796
229053604
228619092
228979123
228975643
229321247
227812121
227850457
228192079
228731170
228746437
228965033
228972727
228983470
229017043
229059761
229069261
229075574
229105249
229109221
231058078
231516868
231035131
231159620
229359038
229229283
230044412
230435194
230435204
230452295
230452299
230414475
230474448
230483399
230481782
230482027
231538374
231538378
231543852
231543980
231584761
230869990
229967291
230304502
230318503
230701808
230708565
231000230
231053894
231463498
231497969
231569062
225489814
232656401
232660936
233912726
234228670
232002690
231779937
233029596
233050328
233070175
233070969
233071072
233071177
233071199
233028700
233060755
233060767
233062288
233741017
220751342
220752429
234107411
233794766
233882541
234232580
234407411
234197230
235306389
235306568
235072755
233229099
234699288
234708283
234715830
234752475
235088702
235114696
235164331
235195990
235283969
231036718
236301455
236702314
235289582
235301036
235333726
235333742
235466184
233855476
235586959
234185045
234185538
235828449
235828452
235850410
235850419
235856512
235856514
235536126
235423447
235905614
235906123
235862115
235862132
235906469
235906503
235903669
235916624
236220414
236233479
236238357
236250287
235828898
235913092
236506739
236511886
236533613
236449969
236562562
236275128
237239678
237239685
236569160
237655359
237749345
237615403
237774095
235303223
235543990
235548035
235554315
235562108
235896146
235963469
236032115
236053884
236247284
236257886
236296780
236303372
236315111
236590266
236626550
236705786
236712032
236733726
236751903
237503712
237507902
237513020
237527559
237547330
237554465
237595181
237801710
237834818
237858390
237867452
237868720
237877308
237887610
237895300
237914325
237930594
237948846
237950880