217042459
217604531
217569620
216311978
218418777
216776582
216663220
213480051
218056985
219525509
219526656
219580747
219731440
219731451
217504586
217510462
217545572
217546020
217729437
217796138
217859935
217958925
217967919
217729437
218438135
218449961
218478144
218531711
218805396
217311342
217567510
217567781
218177193
215126513
216366132
217954928
217972670
218004089
218073380
218363401
218922187
219204801
216753509
218810959
218891762
219042666
219288822
217279392
216753661
217385463
218170515
217228037
218510591
216135726
216135794
218523563
218512171
218601494
218601513
218991853
218991858
218991881
218602211
218235385
218235372
219032628
219032598
219032562
219033433
218579395
164967069
218970410
218970388
219778117
219780049
219778240
219791471
219845568
219845580
219809706
219846113
219813766
215623351
217709596
200376577
200376563
217234149
217956626
217956633
208499827
217228520
217958732
217958790
217958969
217958979
217982451
217979666
217979685
217986157
217160667
217983159
217983167
218039063
218058095
217959069
218086942
218009309
218104882
218108020
218061289
218058916
218058922
218117804
218118200
218118215
218346710
218089993
218349614
218354430
218369822
218369833
218361690
218130993
218407230
218129251
218129271
218880950
218488120
218490348
218488089
219217731
219213689
219252211
219261428
219306463
219399677
219589106
219660675
219660685
218901792
218902034
219684346
219730784
217170623
218064462
218136819
218424237
217760569
218245465
217457592
218867634
218921503
219176521
219422931
218413112
213972724
183675602
217586747
217639005
217650096
215952865
215148278
216161795
218346212
217446266
218930360
216670218
218017072
217571205
217337962
217972666
218096069
217869765
218195837
218725112
218725215
210498098
218005825
218272088
219574235
216797791
217497974
213693048
217678296
217750162
217936884
218778507
219553435
217090559
218410468
216605267
217413927
217431352
218024448
218252673
219076032
217528692
218930595
217433577
217439778
217450568
217452268
217455556
217463884
217472764
217481378
217485871
217511549
217519583
217534520
218716731
218727642
218730663
218734292
218812031
218902240
218932422
219139611
219189525
219192265
219194372
219209343
219223951
219255250
219259490
219261486
219555232
219598045
216443175
218151099
217373464
217374034
218151176
215301228
218054149
218113528
218785400
218785678
218809938
218917338
219196379
211757718
219211164
219218393
219274038
219609140
219609686
212742768
219117254
