198259027
199863738
199878969
199557585
199567443
199782158
199807997
200295441
199558369
199581663
201026521
201041196
201042017
197023545
197023557
197023571
201769505
199603180
198285092
199892604
200044391
201130151
201138205
201164385
201775717
199210501
172478908
197970559
197970535
200202057
199914340
200358122
200420478
200302075
200453405
200882484
201549806
201573360
201462566
201123985
201660837
201915236
199656092
199650687
194670633
194670656
198869703
200009452
200406965
200408673
198057696
200405081
199244445
200413965
201172352
201891091
201891038
199671590
199974578
200463937
200487091
200608912
200724583
190619876
200678802
201493539
201040867
199286703
199533904
199606858
199598997
199613004
199643478
199649461
199644212
199642017
199642028
199666384
199673315
199673322
199675397
199698321
199896433
199747369
199918615
199670535
199889042
199889051
199918710
199926060
199926408
199956547
199942669
199911324
199993661
200019759
200031114
199988142
199999029
200090344
200080009
200135812
200177524
200039351
200039431
199898942
200173725
199896727
200265701
199127247
200276223
199935112
200269877
200260241
200277513
200298011
200294812
200294820
200295233
200316761
200328025
200314023
200314032
200338629
200274473
200188748
200368060
200372554
200383596
200383607
200406093
200422608
200436910
200420544
200375331
200439626
200483099
200530105
200655018
200426009
201063114
200945160
201076992
201089065
201170088
201526627
201823264
201828231
201498618
201851803
201868023
201897530
201899721
201538694
201548502
201828489
199590855
200401864
201145305
201191706
201249256
198774961
195647865
200506834
201504732
201422900
196380754
198536859
200738430
200739642
201672313
201674650
198741695
200518052
199972949
199993301
200108848
194779383
199760931
200109340
201609803
201652885
200281716
199479164
199905308
200197184
200197614
200220866
200307103
200617842
200753250
201008628
201013389
201277244
201367563
201747001
201776247
195505329
184226611
201330832
176990511
200231107
200232031
200334209
201360722
201363067
201731236
201739504
199427054
199427381
199547068
199555865
199983359
199113999
201695029
198549002
199374501
200362640
198360725
199663139
201636957
