200104357
202375379
198387901
203042777
202975573
203649003
204682356
202177190
202786677
201808537
199729814
201822031
202566897
199217694
201947767
202379823
202228723
202403456
201830222
202753866
202767908
202829855
202830112
200273390
204559749
163499423
204644100
201570324
201927230
201945118
201945244
202189528
202232085
202249893
202222605
202321361
202321614
202318593
202318566
202255133
200834335
202385621
202410183
202410314
202333176
202333171
202241203
202571738
202261311
202524383
202575374
202577468
202590825
202608046
202317883
202317783
202612850
202612835
202613117
202613128
202323316
202546519
202625840
202629379
202643743
202610057
202649987
202169573
202169568
202676208
202682415
203142928
202658741
203180456
202686892
203360322
203394003
203421987
203435582
203435591
203495426
203495532
203520384
203365596
196882796
203783274
203784502
203795820
203767369
203760433
203802308
203853092
203856868
203833371
203521074
203521152
203743264
204098738
204132237
204132248
203821506
204139735
203837022
204182938
204142695
204197720
204215329
204164247
203526755
204237026
204256822
204259661
204227034
204227053
202680692
202680687
204275385
204290842
204290856
204494819
204494822
204540897
204540916
204533006
204533019
204557471
204557493
204576778
204505144
201856622
201862568
202289898
181923823
204179889
203981389
198693623
203263025
203238151
200654888
203484665
195584866
203495368
203495375
203504977
203504981
203612271
203612277
203948035
203993469
204142909
198620067
204548820
204657935
201330656
201680134
202361327
202703646
203611400
203923525
204382749
201029117
196809545
202221887
200437040
202860685
203056636
201940544
203101555
203780350
202009054
188527446
203338315
204060819
204459814
202469279
202797260
203357042
202108887
202109958
201359966
202473134
202844615
203045083
203291399
203297305
203646883
204057993
204058552
204120546
203761204
204156570
202176642
202577589
203375348
201092722
201092726
