208835510
208483414
208840709
208863870
209227140
209457217
209483698
209549717
210163642
210172055
210175017
210177801
210393023
210403343
210836236
208873022
209246619
209338570
209721185
209822107
209882613
210034243
211308445
208573790
208573806
206084221
208573593
209311541
199582724
209368858
209311566
209298433
210448942
210537739
210537729
209298469
208573877
210658835
179398176
210832078
210832088
211212467
211212469
209276742
209359298
209359702
210219142
211273744
208250056
209283521
198829546
209409354
208520016
209067485
209171233
209235746
209276806
209358654
209400328
209425243
208541419
207701263
209406168
209408331
209681343
209667100
209674428
209846910
209093667
211013725
209847175
208769544
208826837
208777207
208785618
211388476
208775152
208512961
208183520
208863844
208910096
208911940
208963096
208997690
209011011
208910390
208976783
208976926
208971347
209251448
209343693
209250810
209351493
209341257
209371113
209382091
209394675
209402785
209354197
209261162
209261139
209421025
209361481
209475623
209486793
209416163
209431299
209438089
209438086
209438375
209396058
209396093
209336355
209662869
209692048
209692037
209657957
209657964
209703409
209692509
209692478
209046508
209658031
209748817
209742533
209742540
209742795
209742816
209660218
209766672
209757033
209772372
209772392
209695038
209695047
208185421
209754775
208899615
209858983
209785054
209785073
210335638
210340127
209751644
210466735
209789729
209789734
210467398
210467403
210460552
210476225
210452793
210495177
210520128
209373438
209792707
209792729
210565047
210560370
209819638
210591736
210601271
210601317
210605988
210606007
210618802
210618916
210577082
210618557
210606540
210867927
210654374
210871092
210872170
210872173
210872883
210623191
210887637
210637711
210906058
210938596
210963272
210875950
210945208
210972814
210972830
210978229
210978302
210979389
210979376
210961171
211007046
211014557
210974501
210984942
211046691
211046864
211055737
210998077
211246143
210884175
211085027
211085474
211029692
211080835
211080856
211256721
211299175
211349525
211351405
211337781
211337754
211324021
211295561
211295570
211366581
211373476
211373481
211397150
211397199
211363535
207291732
208842349
208303824
209286030
209313742
208522578
184259293
209970530
209931554
206685193
210570975
210604308
210858561
210816028
206488980
210349541
210349761
210349932
210350023
207683437
206884264
209112822
209240578
209888397
210852725
210124628
210242909
210243504
210243963
210284569
210944944
211350341
211350359
211407112
198771502
203942415
204741838
203935456
203941637
209481489
209507888
209508016
209508117
209508217
210079209
210081768
211086222
211042827
211044005
209815651
211090498
211342085
210093951
211097553
208179476
175015344
211320496
206043489
210492672
210577155
210838439
210839171
208460987
208833486
209237763
210139473
211260971
201685252
208884037
208912520
209221213
209260358
210453595
210843052
210862086
194765014
207289136
209001193
208536289
208538689
209001942
209391860
208635434
207311923
209730956
209039327
209039338
210877754
210877770
208887733
208271374
209994737
210225473
