228873360
229364749
233283959
233449713
233036673
233857275
233483164
233591130
234161404
222087312
234585016
234906535
232346635
235379563
232336581
232042991
233142123
233200179
232042991
232336581
204230684
234837269
234839723
226405221
232902753
233292487
233401506
234017523
234171695
231884015
233401805
234172416
234842874
234373723
234373424
234849629
234848903
234847410
234855160
234853919
235184360
228810039
232849039
233756843
230531391
234876928
235237463
227968370
233758284
233758286
235345823
231141421
231141429
233422587
233502708
234511475
232737472
232889671
232974187
232989939
233287653
233361758
233536191
232971848
233554008
233521407
233680753
233790286
233689567
233903709
233680855
231561003
233914114
233955325
233938764
233902826
233997811
234048737
233981134
234070005
234075471
234715572
234020375
234713565
234734066
234786663
234762851
234733001
234868417
234894006
234880535
234896056
234789325
234790132
235142548
235210200
235144805
235215551
235192363
235211176
235217334
235211352
235246180
235265670
235264015
230001605
232639579
230885434
233027331
233026913
233165990
233533291
233015405
225878386
234166275
234187550
234309613
234309883
234318574
234318803
233874836
234310044
234950937
235137628
235151733
233027848
233014881
233180292
233477056
233847091
233894302
233962277
234635051
234635117
233224315
234833290
235203287
229583785
229433383
233353102
234854671
233041338
234888276
232282021
233253252
222775561
234158902
234161296
232408421
232754426
229126434
232994150
230995429
232640501
232576301
232576363
232723487
232809734
233777787
233768284
233527625
233954526
233985633
234000647
234113323
234113988
229490526
232972003
234476657
234604350
234591276
234567585
234612953
235302726
234972069
221985528
232666086
219177410
232696906
216540548
234219311
230622938
233268042
234258609
229509231
230653062
233528150
233583966
231754005
232743810
233441261
233583193
233836480
233864732
233868407
233872489
233872838
234283474
234697483
235124058
226427651
229153200
233590394
234037835
231525161
233224566
233538358
233730588
232120007
233736708
232224384
