236122423
236439430
236894387
236899425
237456308
237567131
237931547
235569396
237103473
237365873
237385692
237385805
237389741
237103473
237446893
237446893
237857856
233541960
236325862
236332202
235323062
235579093
235784965
235338491
236097702
236206276
235208850
235208994
236433094
236433728
236456783
236456935
237140758
236603331
236433632
236603394
237246239
237777672
237788959
237715976
235657768
235643513
235756501
235756614
235752483
235790497
235792732
235757838
236445414
236452343
235767345
236027778
235273329
227968359
236455373
237615449
236459945
237628412
235361296
235361305
236455275
237300840
237657760
234298813
235917459
235284701
235166633
235516866
235272080
235272288
235322579
235521505
235528741
235540408
235554802
235564272
235563932
235285094
235511348
235658145
235558302
235634655
235660822
235676877
235678738
235707108
231580636
236377165
236289161
237434363
237542215
235030065
235249576
235149729
235672204
235789844
236145954
236059570
236260948
235975568
236182161
236366128
236491665
236736194
175519003
234234837
234635247
235851147
235854022
235909832
237225235
237372244
235411535
235967701
236313947
236322664
236323186
237182737
237346795
237346870
237325696
237428711
237428750
237349063
237350319
237079518
237573057
237573053
237447172
237447177
237571992
237741703
237805557
235967754
235087679
235991680
236004356
236167493
237441777
237415462
236088029
236336233
237078306
237089137
236143034
237107468
237127275
237133219
237187910
235397777
237261127
237254402
237507053
237623841
237627560
237825493
237849549
232666799
232671677
235909955
236266537
219586941
235124727
236337628
237041672
237042934
237122923
237317992
237391809
237845618
233595637
235481112
235493051
235516500
235490640
236252447
236272874
236276589
236288174
235953098
235544625
237087889
237123201
