215251971
220355142
220488891
221081350
221121797
221126984
222060824
217255186
220842821
220990478
221379489
221391088
212664925
219823320
218967944
219872089
220135519
215984829
219196451
216538593
216622432
219472912
220776272
220738900
220819152
221026993
221006324
220950314
220652568
221162101
221390860
221348432
221514061
221569460
221589573
221765566
221835401
221882240
221670771
219941505
220011371
220030703
217905905
220044496
220160109
218631193
220719638
210771432
219208812
220193527
221268722
220654062
220662652
220827127
221332820
221455413
221660814
221670222
221672026
221699270
221708921
221720369
221724710
221734607
217607645
216744008
218919041
220073501
220079224
220207621
220278115
221309817
221700040
218609212
217294237
220964505
218808669
220628347
221884226
221789480
221789501
220406712
220406935
220582175
220587939
220603852
220599867
220635553
220895077
221662128
221664551
221665840
221364934
