199058737
199455329
199850650
199058829
199855604
199155764
199403123
199483223
199412264
199412277
200065876
199751534
201063433
201312684
201797517
201798182
201801597
201434257
201805745
199221122
201823679
199756839
200125405
200544590
200469068
200605922
201765916
199117909
199258790
198946446
199106658
199420705
199749549
200014097
199762230
200022653
200046158
200177798
201606465
201652306
198752183
198756452
199758801
199768975
200604797
200783476
200719707
200783543
200820735
200886750
195904395
199318016
199530627
198970790
198143038
199310229
200475004
201631759
190716973
200612158
201110857
201127989
201132729
201554042
201554058
199515910
199516351
199901242
200874959
200890485
200890605
201076433
201191633
201467329
201535201
201787159
201859069
199401656
199398343
200103762
200507623
199358275
199385394
195965320
201674977
196865378
199909652
192757222
199939711
200799701
201558357
201851677
201300816
200567808
199527501
199525229
201076762
201088033
201144132
198969475
196324358
