197668332
202131124
202171114
202537744
202608217
202543632
201824065
202661486
201017402
201857867
202120565
202123389
201161985
202124873
202454586
202785052
202822619
202984529
203162531
203274134
201725327
202372584
202511779
202850608
202856715
203045766
204064632
202083283
200888674
201041535
202870831
200290837
203728104
202358686
202360079
203294417
203294899
203295847
203295854
202635398
203833405
203886669
203498946
172054968
204242454
204242838
204137363
201935178
202293676
203347528
203352991
203573819
203795661
203817251
204245521
204097972
186166785
203169924
204107278
177059997
199996879
202358992
203454620
195421925
202170878
203833033
203723292
204531622
204507018
204610118
204722782
203344436
