192216238
192370213
193083903
193246770
192767410
193279678
193431356
193533805
193589925
193624805
193720565
193883904
194344745
193976266
191927417
192074839
192738515
193764237
194203880
190790158
193176794
186629181
191732214
191795129
192823994
192824300
193148279
193182923
193187795
191687229
193420941
193397793
193397807
193809981
192848024
193857974
193857976
193503899
193503877
194523840
193899773
194584669
192709943
192709276
192157106
192215786
193964338
193969543
193984018
193855497
191223927
193888145
191767303
192343006
190477169
193116695
193590521
192737365
193259439
194080509
194083722
194084153
194084286
191311883
141594712
190703365
193360499
193006349
165529201
192296694
192301523
192305824
192338168
192352054
192372917
192431237
192471784
192594006
192600947
192666457
192685405
193493592
193521151
193665664
193685466
193966604
194210555
194243026
194286723
194487266
194495151
194577081
192014641
189186030
193792352
193821284
192427061
191534307
191458971
188264620
192775967
165040991
194541911
192803215
194553264
194553434
184306939
192280280
192588501
193303581
193296880
193317750
193325468
193328873
193385965
193414323
193652155
193974967
193989767
194143119
194173380
191495104
