205641678
206177493
201801827
201801834
207136984
206562696
206647354
205959728
207089500
207481935
207680411
207680807
207796355
208298940
208369760
208341885
206618047
207593445
206050964
206415065
206456322
206473407
207079587
207383889
207475552
208361965
205481705
205609062
207629460
206732864
205632613
206513801
206519461
207271041
200474884
206605268
207092179
206438392
207350315
201925126
207434624
206585805
206708051
206983517
206991349
206989549
206989756
207038137
207038174
206201079
207037903
207040104
207064137
206710070
207367921
207377425
207379353
207415857
208221906
207415530
208226029
208226392
208519454
208519496
206276206
206526167
206539163
206550531
206551040
206551114
206551212
206551313
206551595
206551739
206552051
206552097
206552162
206552342
206552386
206552431
206552783
206552967
206553093
206553160
206553503
206553681
206553808
206569974
206670237
206674100
206916954
206922583
206937097
208125241
208185384
208193565
206015724
200756727
204502935
203913214
206625244
207072084
207076986
206952114
207439858
205772963
207554919
208356874
208733807
201744483
206628748
206725449
150444289
206935861
206712126
207291563
207375225
207938041
207943932
207494189
208139916
208479465
198982379
208626443
208626580
208629503
208629615
176213949
207295972
207520979
208170240
