230559281
232879816
232578686
232724743
232818348
233230383
226956873
231224901
231126497
233764571
232922008
233738559
227708642
234031391
234028831
234081497
234114649
234126017
234144139
234144586
234117933
232486921
232486887
234849706
234144981
234870269
234901343
234906411
234936554
235281155
235308970
235343802
231689077
232844073
232844102
232988448
232988476
234712257
234712267
232779331
226120611
233721856
231103888
232773501
232871101
233132493
233219056
233223666
233332670
233613836
233633676
234491542
234529840
234559395
234773821
234929201
230704413
233316925
234775998
230401979
232126216
232895034
232895014
233703640
232491315
232446196
232698098
232746756
232817870
232408468
232734872
230717577
233287398
233087591
234037321
234058787
234061455
234344815
233556620
235190378
234366520
233864040
226105463
232498509
233315341
234153921
234909950
234927179
235091693
235100523
235321044
235321050
235325097
235325626
235375764
235375688
235377151
235377511
235379479
