324903609,325166775
324921406,324930423
324575818,324625160
324552055,324624441
324155668,324546126
324501818,324530296
324028417,324041291
326006806,326142733
325763457,325763675
325439756,325471394
325235643,325282578
325226426,325227446
324848470,325146172
325028451,325089237
321904554,324070135
324276523,324294155
323700910,323865944
325413788,326033224
325396855,325409707
325339682,325347880
324710158,324729432
320037483,324525248
323827724,324638259
319994257,324414735
325808377,326034300
326040035,326051487
325872319,325893335
325700686,325707273
325639273,325703367
325572878,325686416
325561117,325563946
325323775,325510627
324452805,324467053
324406984,324417015
324266992,324410515
323003828,324135803
323953101,323964407
323792957,323805802
318343351,326028256
325427068,325543926
325216809,325522012
325457501,325473366
325121374,325141031
324265426,324900120
324399536,324404251
320531617,324237923
323650603,324168763
325003763,325005624
324127095,324525330
323867470,323894622
325440007,325606827
325676747,325680817
325676753,325680831
325675080,325676712
325674940,325676699
325624124,325631629
325178691,325202209
325178689,325202191
325143936,325183371
325143947,325183375
323954296,323956088
323954306,323956121
325374134,325717317
325681930,325692981
325355443,325391530
324981737,324989995
324899987,324924893
324873310,324922805
324546814,324873069
324476352,324534322
323710012,323978420
326136116,326147662
326102090,326130242
326101089,326122108
326073035,326077005
325921488,325925334
325920724,325920879
325772641,325774163
324431172,324751819
324447575,324447776
324222890,324225478
323899660,324125392
324440465,325289126
325686383,325976643
324898635,325118687
318173584,324889866
323262855,323707445
323655517,323707453
324451769,324700182
326091451,326098997
317325774,325192375
324686671,324822569
324247553,324275736
325151989,325224953
326048604,326049570
326002669,326002950
325399908,325462524
325184666,325199634
324866533,324875162
324603673,324663355
322196796,325375123
325106510,325348484
324970042,325067979
324184125,324507995
324184071,324507951
324423914,324667980
326062891,326072496
326062905,326072494
325126953,325838031
325126951,325837939
324845052,324846216
323195454,324845036
324479953,324502560
324480012,324502613
326014046,326015097
325659135,325659665
324718664,324764663
324718694,324764674
324267821,324681025
325891622,325715950
324840968,324884393
325605964,325608142
325605945,325608129
325227104,325228789
324718963,324869823
324242579,324618045
323689153,323712161
325529413,325544283
326004271,326063120
326005105,326063146
325937436,325939442
325251720,325697636
324668006,324676992
324387382,324433585
324085073,325284565
324967897,324970678
324097551,324133776
324932138,325279579
324887212,324911462
324863313,324867230
324141302,324149359
325030885,325406839
325350311,325384395
325095158,325106074
324551632,324571018
324400788,324755320
324563278,324579245
