1382273
4328427
6009355
8037296
36486
4537476
56038
1091595
6609044
1398855
2928910
3665520
3825026
678785
6761843
252960
10757198
1510540
424837
2765414
2384808
1046741
6512846
1674559
1567616
1419286
2800492
2258639
2744713
4424687
839225
603464
5021489
202882
367869
3520486
4615291
5417983
851923
1774869
2813281
3122241
3444997
2272205
315850
839233
3796123
2869994
1798139
4631275
14337
12212
261317
996557
732710
515447
4335923
2821020
5768474
69775
69776
69777
69778
620757
998983
1089523
69781
69782
3137006
620730
1078368
3835034
69867
275293
69988
1501298
1769220
3920368
3230714
141935
141924
5962330
1227171
388550
1790646
6576
4826599
746869
9955586
6907118
3245557
3300183
427351
2083553
5493049
2177865
4586105
9115248
15296019
1955286
7310863
1485929
1197062
2453197
552978
7140
578446
6687497
6926380
7206343
1997710
6020259
2106227
9188524
446622
42093
1943050
2384850
365717
1046777
1826824
2735012
937591
2278072
2870668
3293420
1113297
6278431
238053
1763327
1732580
9998773
12038637
1377426
821835
1577824
234513
2619959
1532540
786037
1512319
2013785
2875958
1444794
120808
3291519
74235
8045306
332404
6879179
3100932
714378
2797930
422565
3459212
980890
2995874
3558638
14176
1353997
2899108
957931
6189296
2277667
8343847
576974
6428543
5547194
14587
2352219
5576111
6374191
385879
2429349
1299095
8786742
380238
3240326
2110438
6018498
781053
781060
2283503
1038610
2089612
5899934
5899956
7423576
7558736
1504827
449022
1454529
87782
8772872
1221979
1580913
10003737
951757
5857768
1874539
190623
5597557
2874448
14130
3036772
6908464
2512794
3111518
5369900
248508
1154292
7324499
3055703
2057743
3441813
2462965
3969525
6603001
3262462
5477723
5368652
25229
25230
1834176
25241
25244
25258
478626
441014
4370273
132351
203077
78264
1236949
9275258
7067691
1400665
3382200
6340922
4450596
36999
1093125
4081239
113828
7503962
894194
6633736
1364453
2815235
381306
10043634
509143
3257623
4515484
4326269
4239981
706548
3528127
6261526
1809029
3431384
3704369
195002
5946907
291271
3105391
1129565
515461
13930158
1610407
2915555
11594784
14710969
7617352
11128502
14446065
15570259
2488854
15439206
10075
3261008
17028315
17150046
17103751
17103744
17103772
17103760
4413560
13249526
6902721
16200982
2494402
9282271
6902720
7415841
4073299
13572879
14578488
1082682
15087209
16857917
3056996
15565124
1994216
15699723
14132688
5097644
7834134
11148345
11636351
7834135
6575
5739440
3705388
7834131
17103756
16735517
7858751
7834141
366995
16967131
11146512
3136931
4070940
234507
12545030
16832724
16318794
3176
3555108
11285292
15693397
15677652
14782720
15677653
243623
15677654
16699247
15580823
3173988
4280753
7692716
8917676
6922140
13592571
17080234
5035983
13880172
69732
4572167
425024
16350003
15673721
13499052
1874906
275317
11819721
2320101
13260695
1827266
37002
11171984
9309130
13505186
8822286
7999443
6607984
12957969
12698943
13844641
1323147
1323164
1323165
1323162
1323171
3021994
13738009
1323155
7286982
4920019
2516230
9945385
12894781
16593256
10939253
773493
9297995
322363
2013786
1323168
12091768
1085657
865942
3081992
2173701
3081689
15956426
5505063
998986
9739713
14803378
15536004
15684302
5763310
15649809
15595243
2566093
14954392
12348030
12279232
6568660
11327071
3711265
14102624
16688177
12643346
10668101
16467708
15214083
13198676
5973951
13357866
13260675
16845624
12870471
5595288
17029191
13468350
9274413
7570018
7488115
7570019
2805088
1569776
8518278
9320739
9595331
6689907
4197570
12257028
17078681
7986715
450385
16614951
16582719
10084619
2264427
27065
13515429
11483760
10849049
2564677
6039960
5373942
3236581
15644624
15687391
1323176
1323169
1323166
2568940
12066692
12066752
11139858
12066706
12066704
12066691
12066687
12066689
12066684
2063126
12066676
10746888
1693231
7262410
15155092
12066680
12066707
12066738
12066744
12668028
12066747
2476141
12066756
12066672
12066736
12066739
14505588
1705073
12066713
3175769
8046654
3709873
1427856
14075486
1323135
1323174
1332566
2264428
476030
9492805
3665521
926730
16867208
2992838
14194493
14379016
2764652
16528122
14382047
9955633
7354140
13094587
5055265
14454011
860364
7834133
16716428
7083584
13946375
16679880
17088713
6078414
15321595
6320673
12622237
13651117
2121827
16307284
14464138
7477574
15683562
10431477
2470471
16784900
11709785
6308840
234496
118798
17165994
11761313
13868072
16644532
5472764
8918643
10389991
10140955
14597497
3834778
17167949
15929018
14809653
7806377
16083891
9749408
13499679
12302987
4443260
15408353
15676198
12797873
6151104
13065822
1146991
12016760
9070603
3813267
6523950
234488
3813268
234501
306466
4314391
234502
306465
7122295
15210984
7526147
14204272
12802957
16680046
11252098
671996
3118855
9118330
4370991
4833983
17056749
16473053
1449887
13372258
1255856
12850621
13260725
5357009
7253261
7536994
15759014
12016757
17020763
14182838
190660
14357496
17148231
10804428
6992464
10596467
10625462
3756153
16853586
15008954
17151488
16653684
17147515
16541037
1058272
1190382
6571348
964625
2589331
464586
631192
15678098
5098446
3100235
10658403
5383851
4569288
12640737
69846
12463924
5603685
10844751
10800725
9393753
7834137
16089854
4508242
10709611
17147472
12673745
13250134
17172250
1252967
10623119
12941742
1961681
9918434
5845703
16299579
13122118
13249779
16668595
16019882
9656400
14115436
4814200
6258023
5079287
4184411
14367952
6779020
2797083
5462697
5534027
9898867
7834140
7858760
16811311
13073356
10057712
14873371
16614950
4775290
4001250
16602181
14357490
14650441
15676158
12100027
12809243
9119876
1932325
11630619
16905296
16996778
845451
16602243
4253580
16602245
16602184
6920970
4832101
17178168
12279844
6273916
12467356
11579666
2784441
15408661
11476447
16323180
8704131
10368702
1323163
7572701
16555657
10391209
14448056
16325763
8677806
2342833
16626952
3289986
4127122
3564774
14938578
7453602
17044853
8404699
16699211
367042
1054991
239729
15494425
10829457
17086965
14208283
5923025
6000308
4517833
13260699
13398385
15636843
13260703
16871839
2428393
69845
12790488
11206033
12597336
12980131
16528120
14519279
1412846
16528136
12149774
103497
16687031
15338609
17118764
16700521
13411794
6487738
13499055
15680436
9930381
17134849
10457432
10135022
17188652
16088524
11024375
12786797
3665519
15738906
16736347
8918528
14090475
17188366
10783923
15560320
7679362
17075273
234499
816226
15760634
17006060
2749396
12019829
15673996
17170572
5985728
13249491
13259786
16387600
2357529
14476525
9076059
10268744
12997083
16559088
17187263
4508682
15655247
9858204
13251244
239752
9771274
17060634
12709
11332005
14351637
9568334
15677197
14067489
15786026
15601807
15851389
14910980
17161091
14017951
9282679
436718
2567364
11289466
4712534
2582388
14316809
15676109
467215
11043564
5965668
59345
17130194
7856174
16257781
11401241
10801206
9656908
9669950
842658
3298133
16528148
17191801
3427689
620221
8823004
17113557
842660
842661
842656
12701699
1044282
17192250
12786801
17014116
4900597
16125968
15752661
11968384
6814846
2714101
9347216
5849296
11668488
7582667
11122574
6937329
16528132
5426625
55782
17008320
12579277
8039678
14927919
15313208
6971593
16569747
15677294
16363297
16666111
11644942
16914146
9227829
476043
12460845
14322059
13777414
12081009
12953578
10554953
3565633
15028508
10864372
17158351
270416
14160963
12483955
15676365
16312741
1792452
4710450
15595241
12473114
14624918
13260697
4759582
5616320
15844053
14448070
13074999
2486180
8839277
16246260
17028312
13576170
8992795
17205592
839234
15676196
16976933
8898155
3231305
3374061
17205141
12574522
11364189
12617143
809067
12979193
16783431
15005880
12505691
7431061
16554417
792807
13490064
16359977
2414507
7675432
11802259
4774450
4091487
4932374
8424073
1271911
5428573
12036589
6340924
14270295
5709340
14284375
11658926
15734490
17146160
16138635
3994080
8947474
17190004
9263171
17190410
16768873
252930
15299820
16269313
15756150
15746301
13803170
3855859
