191774126
192378457
192425714
193081939
193165536
193434139
193506430
191774521
192338452
191626879
193326452
193154344
193335963
193057242
193451639
193737335
193771909
193988532
194456663
191457301
192772385
192803643
192817205
192859516
193498491
193615826
193618652
193819647
193900100
192372850
192982265
191852156
192573498
192796385
192798504
192837334
192904068
193187215
193258859
193440587
193466003
193492982
193529381
193611083
193929641
194166763
194264399
194541077
194568488
191315599
191888819
192496422
192828038
193146593
193266095
193246918
192335595
192469654
192500367
193449916
193899645
193819085
194074528
192343205
192560160
192596933
194165768
191593014
191592991
192955480
192283157
192676044
193143744
193143793
193042907
193328322
193328326
193047371
167337248
180697137
185739901
194565144
191799192
192711644
192719982
192725424
192725997
192732371
192741358
191782394
192783418
194589383
192645470
191594055
193686203
191574517
193686289
191789775
192858258
191482624
192873261
193500332
192900969
193556396
193551310
194565669
191117304
191117318
192265447
192581428
192746054
192959214
193028282
193312962
192573580
193445362
192130493
192279184
192123388
192285760
193958088
192293116
194045233
194045396
194067176
193971685
194068893
194069096
194069100
194068051
194067678
194067684
194045435
194073501
194073508
194073455
194073457
194160347
194160766
194160771
194163771
194163495
194073555
194305230
192649230
192692789
193396940
193786276
192190092
193266316
193267196
193546819
193916846
193921100
192126465
192986509
193146409
193477855
192948618
192940802
193702158
193780932
191658440
191658452
192296968
191656243
191656264
192412700
192296968
192619487
186930333
192405564
192405689
192619487
192978746
192982938
192978746
192200243
194408280
194408280
194408280
194509554
192340854
192609130
191793667
188819132
167720696
192444959
192650461
192991331
193123135
191773082
188819187
188819206
192227441
190882540
193879687
194015800
193880208
190494197
192552961
192553097
183284006
