191748299
190290943
189366208
185655851
190701920
191081867
191358462
191407019
190321364
185470505
191274529
191453289
191608101
191626123
191693719
191740042
189859450
189669755
190823204
190824579
191096199
191323147
189734724
189894794
190320320
190325337
190442911
190682158
190797401
190820889
191131761
191424633
191709058
191713595
191715748
191723298
191748804
191783778
191794037
191794916
191832267
191833629
191845836
190346328
191257391
188688330
191426516
191883741
190249656
190440573
190454103
190737068
190743576
191284939
191362139
191730444
191905569
191915857
187767257
189989809
189990105
190228758
191543005
192050638
192122512
190551910
190932557
190932601
188531133
191250110
191249990
189495354
190975870
187401578
191045949
187359760
191606468
191607318
191606162
191595269
191608118
187727023
191620027
191620040
191652843
191171576
190989676
185852256
185852350
191253312
191309040
191308986
169562900
191311911
185851452
191311966
189702178
189919019
190055267
189708163
190347283
190067012
190800230
190800357
190902157
191001148
191017581
191108814
190806485
191130915
191150652
191150654
191463380
191522078
189910694
189702185
189797097
189169502
190594863
190671884
191675458
191941469
190200223
190225495
191252181
190431044
190452305
191145783
191179905
191186866
191841991
192151746
191733819
192003414
189988142
190190778
190546765
190669230
190672270
191245216
191313528
191314090
191311164
191245216
191245216
191386062
191655235
191633260
189829571
189962398
190030649
190041905
190852952
191135029
188819289
188819296
188596407
191284308
191284314
189880706
190840910
190137898
183712071
187542371
183297568
190407370
183673747
190742457
