200550761
208748632
208786110
208791248
208875471
208900525
208765391
209106087
207497206
209108555
209109241
208351089
208783663
208783869
209893411
209232193
209232197
209963290
209963302
209968103
209968123
208275229
209991432
210387530
209175908
210392293
209991475
209991477
210047661
210440568
210621543
209971571
209971573
210647093
209964562
210768657
210771100
210822399
209966721
211037604
211046216
211046996
211047190
210764781
210767457
210767500
211039175
211162174
211067594
211175617
211173871
208569483
208971998
209308955
209663402
209699754
209753520
209754392
209754983
209755376
209755793
209755887
210013356
210014101
210450732
210459395
210474667
210526396
210576626
210799714
210804591
210901845
210913899
210983342
210985268
210997750
211209421
211376207
211414194
