216311978
213480051
217546020
217859935
217967919
218531711
215126513
217279392
216753661
217228037
216135726
216135794
218512171
218602211
218235385
218235372
218579395
164967069
218970410
218970388
219791471
219809706
219813766
215623351
200376577
200376563
208499827
217958979
217983159
217983167
218058095
217959069
218086942
218009309
218061289
218117804
218089993
218354430
218369833
218361690
218130993
218407230
218129251
218488120
218490348
218488089
218901792
218902034
217760569
218245465
215952865
215148278
218725112
218725215
210498098
213693048
214192474
210858667
220904830
219823931
217281416
220619175
220718670
220686387
220686568
220658440
220658505
221384100
221826826
219665448
219665455
219708311
219708489
220479386
220479424
218124477
220532593
218432082
216448698
220464411
220464418
220860917
220860947
220846185
215485975
220887666
220887246
220562740
220562754
220902734
220867458
220921021
220928167
220928171
220488090
220944604
220925462
220477412
219250521
220970612
220970632
220732709
220732711
221012757
220983048
221233241
220892353
220892480
220941739
221253393
221251684
221285642
221285663
221247008
221104189
221104197
221355672
221243971
221243976
221351184
221374754
221344730
221327038
218059086
221657961
221657974
221630071
221668516
221677084
221715338
221720923
221708858
221774716
221673714
221741783
221270151
221270173
221780757
221789061
221789079
221829640
221775711
222002004
222024832
207708816
218853276
219597768
221685776
220770707
214723286
218991874
221770429
218313159
216444424
197064776
220802618
222754192
221855535
221052848
223964691
223964866
222388417
222518973
221829956
221829970
222122552
222123342
222011514
223103804
221479972
222064698
223103772
223173830
223149880
223149854
223496703
223467210
223493347
223596177
223596183
223644268
223644253
223900019
223933848
224039769
224262236
224255879
222093107
223897761
223857119
223869209
224308760
224006649
224326772
224347582
224327145
224369637
224406499
216611091
223161868
223408302
223123975
223524267
222765616
219786472
223055198
223837918
224306154
216941151
215425532
215425289
219718501
167450483
217511887
222667430
222696781
220797496
218135312
222002821
219559369
223823091
225129373
219446583
224002137
173909176
226000623
223248802
223248816
221410683
211140239
211147513
224915052
224872388
224872489
176037529
224342948
224343015
225114344
224428748
224381060
224251214
225331680
224428683
225159842
225272650
225354305
225549037
225187677
225513445
225513457
225575207
225562831
217810615
217810624
225504696
225509027
225658230
225506913
225904629
225904638
225582212
225582233
225903695
225891531
225925462
225979364
226021698
225508096
226011045
226020972
226050491
225605436
225605546
218115864
226081145
226063640
226294810
226308627
226325268
226021008
226435109
226440858
226440906
226701665
226701676
226707639
226832274
222777791
217998751
225745774
225808381
226018194
226582092
226495838
226841320
175608437
225231496
176356723
227235435
211100063
178777271
195430379
197522020
197583158
197126083
197126315
197811174
196917337
197213988
196964130
197249788
197316509
197316525
197324149
197354991
197633446
197642812
197577320
197660636
196995833
196996269
197346769
197347280
197939028
197931229
197943944
198006819
198527282
198043821
198070654
198093563
197697035
198027891
197926475
198657214
198822037
198762929
198877644
198749685
199122948
199104992
176299324
199131959
198910911
198910937
197144848
196650052
198044257
197674087
196226922
197391268
197023545
197023557
197023571
199603180
172478908
197970559
197970535
200882484
201123985
194670633
194670656
198869703
198057696
200405081
199244445
200413965
201172352
199671590
190619876
199286703
199598997
199642017
199642028
199666384
199698321
199747369
199670535
199889042
199889051
199926060
199926408
199942669
199911324
199988142
199999029
200039351
200039431
199898942
199896727
200265701
199127247
199935112
200269877
200260241
200277513
200294812
200294820
200295233
200274473
200188748
200420544
200375331
200426009
200945160
201498618
201538694
201548502
201828489
199590855
201249256
195647865
194779383
200109340
195505329
184226611
176990511
199113999
198549002
198387901
199217694
202228723
202403456
201830222
200273390
204559749
163499423
201570324
201927230
201945118
201945244
202232085
202222605
202255133
200834335
202333176
202333171
202241203
202261311
202524383
202317883
202317783
202323316
202546519
202610057
202169573
202169568
202658741
202686892
203365596
196882796
203767369
203760433
203802308
203833371
203521074
203521152
203743264
203821506
204139735
203837022
204142695
204164247
203526755
204259661
204227034
204227053
202680692
202680687
204290842
204290856
204494819
204494822
204533006
204533019
204505144
202289898
181923823
203981389
200654888
195584866
198620067
201029117
196809545
200437040
203056636
201940544
188527446
201359966
203761204
204156570
204076073
201973138
193477771
204525761
204636532
204911936
204911989
204965313
204965331
204891081
204743551
204994139
204964245
204973467
204974087
205051522
205029309
205029348
205030807
205030834
205107381
205720306
205855174
205815717
206107941
204214134
204510933
204156576
188616842
188468170
184542011
189222897
184065045
184065040
189529987
188813257
188845633
183942189
188950962
188922570
188795980
189123135
188834739
189093832
189129643
189185318
189185298
189190116
189226290
189326916
189233716
189469403
161016373
189203928
188424419
161497342
182252743
174368550
184756656
176912167
189056797
192057966
190349131
190350925
189537729
189533924
190728746
190973968
188528881
189625262
189241965
190200796
189594675
189594651
190245930
190276317
190525273
190525298
184199682
189545353
190285333
190567726
190567772
190630950
190629480
190549702
190549782
190695545
190614652
190900576
190911154
190637029
190900579
190654408
190893043
190893051
190698286
190698385
191029284
191029292
191053510
191053517
190953012
191260802
191037307
191339920
191339915
191350279
191581343
190989567
186514439
190250710
187115796
190748099
189794386
189523274
189552706
190960702
190738800
190851991
191384004
191396005
191754917
191661514
186449289
189445773
190558172
190992585
178777798
186234512
190880184
191784185
193449531
193137722
186322727
185852074
191604001
193313395
193313376
193356189
193356201
194423774
194423783
185471044
192062903
192049041
192358096
191897874
191918492
191918526
192282662
193376314
193753456
193565244
192692636
192704619
192836841
192732535
191708918
191763580
193122674
193182464
193197944
193083180
193212007
193177765
193517556
193069438
193535469
193525587
193525625
193528562
193769721
193783837
193764719
193881653
193903595
194494524
194572196
191792715
191411295
191686246
191698254
191698279
192280104
192280121
192281575
192281578
191596201
192290888
192319832
192313093
192336535
192336540
192298588
192344129
191664894
192414423
192373370
192423294
192386560
192618969
192613203
192613227
192645316
192725053
192725578
192749471
192749484
192702285
192734880
192991350
193010534
193031870
192290712
193040976
192978652
193078371
193074990
193117452
193121542
193081579
193133102
193306333
192988001
193085974
193317420
193317684
193322391
193326766
193335253
193323742
193360606
193109388
193377610
193377615
194420777
194420791
194426158
194396472
194396458
194426950
193322697
194434048
194434045
194460220
194469867
194469871
194463549
194498236
193345770
194515025
192395185
190705770
192686494
191561095
192952013
193005705
192977570
193387483
193014795
193508357
193662356
193767317
193821457
193067938
192193434
194642803
187534675
194494225
184073576
194278842
194116384
175927776
193083712
193080199
189934344
191384511
192604168
192969999
193004144
191578739
193992095
193992250
186888116
189422804
192220168
192234052
192651324
192898112
193300157
193337078
193608836
191780280
190529257
192678909
193287985
193298541
193298701
193311170
193268183
193586854
192910432
193677753
193678508
194378450
194392461
194426969
191677090
192363515
192431158
187927454
191625842
189640868
193381687
194009602
194287208
194403720
194459233
191702306
192772588
190405643
195477579
193924772
193915212
195664629
195893394
193800165
194674559
195571040
194480692
193160932
195993881
194495889
194747807
194741918
194750458
194495905
194750275
194772050
194773567
194763616
194777260
194777341
194811820
194795997
194840536
194842970
194842985
194816749
194736216
194849845
194865881
194869091
194868798
194877664
194877748
194831481
195168345
195226286
195493509
195221741
195221748
195515048
195523984
195499024
195518269
195548571
195592435
195589189
195597048
195821391
195917177
195858699
195954057
196301804
195828404
196526291
195959649
195959665
196525006
196525036
196514484
196560194
196561794
196563367
196563416
195880305
195562637
195562670
196578735
196605141
196613569
196413625
196630737
196585187
190556360
196655391
196877547
196879681
196898874
196885274
196886105
196931210
196934078
196953468
197000959
196964423
196966310
195122996
196522593
183659246
193757669
195558805
195096260
196623527
188631446
195718747
196058078
192067671
195219607
189920744
189920749
194277818
196655168
196655205
194009479
206854456
207435328
206272942
206549330
206549306
203441079
206549282
205775353
189487198
206075910
206187039
206231928
206587541
206582906
206665637
206681520
206683082
206683164
206935242
206965093
206984870
206984881
206988983
206991519
206991538
206993367
207004575
207018185
207017688
206833909
207043050
207043067
206636598
206636661
207095025
207200606
207069101
207039536
207067018
207355267
207426573
207415817
208129447
208168350
208168366
208191636
207816301
205999673
206472580
204214060
206691506
206664514
206747711
204756377
206986753
207160092
208140448
208125503
205516984
206029208
207100553
207252068
202395361
207236658
207561899
200684926
206084221
199582724
179398176
209359702
207701263
209093667
208777207
208785618
208183520
208910390
209251448
209250810
209361481
209416163
209431299
209438375
209396093
209336355
209703409
209046508
209658031
209748817
209742540
209742816
209754775
209785054
209789729
210460552
210476225
210452793
210495177
209373438
209792707
209792729
210560370
210606007
210618557
210654374
210872883
210623191
210963272
210945208
210998077
210884175
211029692
211256721
211351405
211337781
211337754
211295561
211295570
211363535
209286030
208522578
184259293
209970530
209931554
206685193
210604308
210816028
206884264
209112822
209240578
198771502
209815651
211097553
201685252
208635434
207311923
209240443
211676661
212008455
212102954
211738750
211386947
211367411
211367435
211679228
209810766
211750828
211825428
212041748
212042804
211766250
211766272
212065606
212064936
212065624
211768003
212135446
212185948
211130173
210877567
211417635
208951704
210473462
208513758
210983701
208918360
206114096
190993558
211479830
208784824
210688954
211997142
191368221
208963931
211627333
213694969
209806963
211034921
211034910
212924050
212919287
212944213
212966960
212912876
213046389
212989478
213078605
213078777
213067871
212972674
213330648
212977503
213428443
213357169
213778090
213451878
213874709
212185776
213812756
213805242
213907890
209302979
213881020
213881030
214174064
214318531
214281405
211261487
213088991
213131453
213572685
213992101
211001483
213036173
211700675
211227978
213383833
213466286
195885816
202594476
212061604
210817251
215803062
214905049
204582516
214043113
214275307
214321615
214321561
205295690
215742936
215742170
215981206
215446671
214626837
214687980
216509642
216782815
216855662
216151368
216136624
213883098
213883585
214326159
214326183
214356048
214576643
213923941
213769028
214697321
214568065
214734951
214700329
214700363
215449900
215595899
215849422
215903173
215831681
216245235
216245330
216314481
216732304
217143059
216807119
217094560
216805203
217224137
217213142
217231023
214521617
215484107
215366827
215931391
214551426
214764996
216410593
211759179
216026175
214519839
226899756
225153620
228050774
228461559
227668139
226830983
225764780
227951285
227951430
226306801
226306806
226837452
227584119
227584146
225957734
227979876
227979891
227957570
228224948
228251370
228295919
228314994
228235219
223858951
228305072
228357994
227969969
228252489
228325444
228640379
228640382
228764440
229021267
229029489
229048669
228796202
229097232
229114668
229114414
220656231
224389675
218095462
225973819
227771442
225544932
228144834
228411049
228447808
212885218
160963811
226455139
226455119
225925441
227073271
225266892
228966739
228170340
218725537
221432906
231109306
231307769
208905070
230205437
227668513
231495231
230711767
228496827
229162843
229126337
228452173
228496554
230102773
230339465
230531378
230826710
229149569
229137661
229177145
206521417
230084727
230240816
229161946
229046032
230264609
230266230
230284791
230261112
230320607
229968214
230296671
228779863
230273132
229032829
230336981
230329305
230421494
230360034
225941574
230692416
230866071
230796204
230281804
231064049
231090068
231167111
231081972
231316569
231459914
231457589
231467213
231463477
231479161
230708143
231575799
229061815
221594037
230003735
230305971
230466797
230601393
230920985
231161195
230030919
231314915
230010427
231536854
232199394
231184722
231586782
230275172
229247967
229248068
160963811
219572371
230879894
231569628
230700717
222087312
232346635
204230684
232902753
231884015
228810039
230531391
227968370
233758284
233758286
231141421
231141429
233361758
232971848
233554008
233521407
233680753
233689567
233680855
231561003
233914114
233938764
233902826
233997811
233981134
234070005
234075471
234715572
234020375
234713565
234762851
234733001
234896056
234789325
234790132
235142548
235144805
235192363
235211176
235217334
235211352
235246180
235265670
235264015
230001605
232639579
230885434
233015405
225878386
233874836
234310044
233027848
233962277
229583785
229433383
233353102
222775561
229490526
232972003
234567585
216540548
229509231
233583966
232743810
234283474
234697483
226427651
232120007
237365873
237385692
237385805
237389741
235208850
235208994
236433632
236603394
237246239
237715976
235752483
235757838
235767345
236027778
235273329
227968359
236459945
235361296
235361305
236455275
235284701
235166633
235272080
235272288
235322579
235521505
235528741
235563932
235285094
235511348
235558302
235634655
231580636
236289161
237434363
237542215
235030065
235249576
235149729
235789844
235975568
236182161
236491665
175519003
234234837
235967701
237079518
237447172
237447177
235967754
236336233
236143034
235397777
237254402
237623841
233595637
235481112
235493051
235490640
236272874
236288174
235953098
215043277
214350461
218798141
218888873
218249500
218125951
218548670
150718700
212202078
206397260
218576155
217130104
215173902
216283126
216854244
216854251
216481952
217086011
215335936
217518610
217519006
217518375
209750943
216880103
218001419
218148492
210515114
217798062
218327256
215251971
212664925
218967944
215984829
219196451
216538593
216622432
219472912
220738900
220819152
220950314
220652568
221162101
221390860
221348432
221514061
221569460
221589573
221670771
217905905
218609212
217294237
220964505
218808669
220628347
221884226
221789480
221789501
221364934
223258514
222594975
223634130
223772245
224018786
214885601
222197770
222353443
221593507
222917046
223203178
222508028
223293476
223793481
224117080
224573767
222574383
224785558
215342217
220923021
222836164
223040749
219225896
223935971
223619457
221667666
210419502
224310798
226011200
225344251
225724084
225724835
226118050
226118080
226164450
226164495
226590065
224388219
224388670
224310940
223852197
224263002
224936881
224008808
216751390
215558476
225667150
224921193
224921202
224826505
225598889
225941420
221764373
226086125
225670762
226367689
212014299
197343846
195580124
197416449
196646395
197821136
188592132
198932989
198932932
198988861
197477921
196457618
196387284
197649962
197491689
196711837
197815743
197631199
198874584
196407395
198255547
198210776
199058737
199455329
199850650
199058829
199855604
199155764
199403123
199483223
199412264
199412277
200065876
199751534
201063433
201312684
201797517
201798182
201434257
201805745
199221122
201823679
199756839
200125405
200544590
200469068
200605922
201765916
199117909
199258790
198946446
199106658
199420705
199749549
200014097
199762230
200022653
200046158
200177798
201606465
201652306
198752183
198756452
199758801
199768975
200604797
200783476
200719707
200783543
200820735
200886750
195904395
199318016
199530627
198970790
198143038
199310229
200475004
201631759
190716973
200612158
201110857
201127989
201132729
201554042
201554058
199515910
199516351
199901242
200874959
200890485
200890605
201076433
201191633
201467329
201535201
201787159
201859069
199401656
199398343
200103762
199358275
199385394
195965320
201674977
196865378
199909652
192757222
199939711
200799701
201558357
201851677
201300816
200567808
199527501
199525229
201076762
201088033
201144132
196324358
197668332
201017402
201161985
200888674
202358686
202635398
203498946
172054968
177059997
199996879
195421925
203723292
205518188
202781165
203591197
178646022
204658002
164041119
202176181
188460436
188912531
189267436
182374650
182374656
187847744
189354007
186142764
186143134
185477517
183069929
155508944
184397809
186261374
185390671
189484415
190430911
191395919
191672912
182713042
189236166
189236172
191387882
189573467
191660133
191660216
188185687
190035729
177861097
185475007
188614509
175738625
188916808
191455489
189558403
185965320
190149781
159864562
190677536
190699209
193083903
192767410
191927417
193764237
186629181
191732214
191795129
191687229
193397793
193397807
192848024
193857974
193503899
193503877
192709943
192709276
193855497
190477169
192737365
141594712
190703365
165529201
189186030
191534307
191458971
188264620
165040991
194511507
194000348
194608335
194509338
191730350
193861019
196482110
195670750
201801827
201801834
207680807
206438392
201925126
206201079
206710070
200756727
203913214
206952114
205772963
207554919
150444289
206712126
207494189
198982379
176213949
208122875
208542777
209066805
208604359
209151100
209590181
210113488
211126911
208613350
208613356
208546560
208526378
210597949
210992467
205110965
194472535
209653248
209830017
209813399
209927329
208404848
211663319
211202566
211615903
212452404
212467634
212144797
212226881
210739363
211988779
212676190
212688224
210105777
212595748
212686451
212706847
212680084
213285665
213153663
211646649
212985459
213802276
213977409
211393013
212250676
214297470
211336716
208630004
211224517
211404279
213465122
211452930
212727137
212792523
213002679
213735532
211757763
212874916
210338088
214604082
216097301
213580040
213580350
214766986
214733897
215669706
215669722
216775483
215563660
216050059
208994822
192435070
213334876
214326817
214997143
214550293
215588174
213979813
214231309
215235595
215378366
214702884
214290930
226956840
224356766
209816574
227893884
228636993
225262048
226564921
226972356
227711461
228018722
228857692
227836031
220641018
227637083
228801928
228340708
228588634
219828131
227861774
228817886
228818009
229214185
227786881
222521850
225895681
227995871
230023235
230023239
230828769
230461355
228979153
231169909
231528355
232879816
226956873
231224901
232922008
233738559
227708642
234144586
232486921
232486887
234849706
234144981
234936554
232844102
232988476
234712267
232779331
226120611
231103888
230401979
232126216
233703640
232408468
232734872
230717577
233087591
234058787
234344815
233556620
234366520
233864040
226105463
235321044
235375688
235275604
230916963
230916950
237668533
235771624
235771645
237550629
237648034
237654101
237733996
230024394
235248067
235616789
236291707
236320129
217171192
236440379
237033727
235490570
234930207
215126513
216999546
216999553
218249687
218249692
218589092
219216129
219216703
219800227
219805648
218622575
218622583
220140109
219958450
220145561
220146066
220654308
220750697
220750708
220859226
220859509
221230063
221230098
221316049
221983924
222258293
222258299
222267227
222267271
221669150
219446583
221549463
221549485
223363647
223371337
225866920
226276970
226608256
226696104
226696110
191831426
196698041
185063282
197537634
197537646
194671227
194671266
199089667
194692987
194692993
193694108
199034129
199500881
202463544
201235052
201235070
204238838
187791266
188722977
188722980
188392391
187807657
189331628
189088475
189636833
189702178
189708163
190067012
190806485
189910694
189702185
186722478
191482624
192900969
193551310
191117304
191117318
190587725
192548059
193563556
204734269
206706088
202710328
206014691
208249812
208379139
208468890
208636115
208672764
208689606
200550761
208748632
208765391
207497206
208351089
208783663
208783869
209232193
209232197
208275229
209175908
209991475
209991477
210047661
209971571
209971573
209964562
209966721
210764781
210767457
210767500
211039175
211067594
211531541
211077167
211099109
212736199
212716785
212939897
211933775
213243267
213266032
213266254
213461101
204582516
213233254
213589069
211164792
215697457
213233267
214160614
214870694
214871043
227836869
227159109
228517101
228559916
228584629
228559709
228560073
227962861
228616462
228914005
228774423
228998796
228979123
228975643
229229283
230481782
230482027
231584761
230869990
233028700
233060755
233060767
233062288
220751342
220752429
233794766
234197230
233855476
234185045
234185538
235536126
235423447
235862115
235862132
235903669
236238357
236250287
235828898
235913092
236449969
236275128
236569160
237615403
