208750753
208320484
209804557
201848900
210630224
210612636
208903125
208122875
208542777
208456424
208814539
209072123
209092974
209123459
209196617
209066805
208604359
209346032
209770960
209151100
209056844
209882103
209590181
210417330
210419994
210775261
210825471
210976991
211055561
211166335
210113488
211126911
209973211
209977991
209979669
207191589
208833066
209827000
209840868
210680983
208662546
209525115
209819132
209865724
209892362
210557280
210567523
210675828
208359683
208365088
208890925
209495084
210728303
210866361
207272152
209915850
208439326
209464840
210510209
209824537
210652326
205417888
211261616
206298980
208943059
208613350
208613356
209010177
211416161
203538842
211488030
211488044
209366376
209700873
210567383
210581396
210592706
210673126
210912763
210947262
210978066
211101605
211120712
211226219
211251282
211413605
206414151
209902675
210091154
207636035
208910361
209016929
208546560
208526378
210071758
210608644
210597949
210992467
208906268
208994466
209368470
205110965
194472535
209752564
209653248
209763748
209830017
210012206
209813399
210243560
209927329
210639995
208404848
209694475
210552954
210586776
