205121760
204390949
205124102
205154490
204995554
204514121
205233381
206114649
206141701
204777115
201646269
204896119
204302883
205196061
205620277
205910650
204728420
200919244
205244505
205285681
205394518
205396825
205423590
205473417
204829412
204956572
206048777
199920542
206116316
204989649
204989766
205029406
205035073
203725265
203853368
205710890
205081015
191616423
199500881
205123383
205123407
202463544
201235052
201235070
205591026
204238838
204611042
204611022
204654653
204677089
204759407
204633555
204926220
204940055
204971239
205011047
204926226
205055430
204940002
204955261
204926210
205751464
205813984
204083624
204655713
204790428
205098041
204458375
204525501
204979911
204980242
204911211
204911211
205731700
205738762
205020122
205750878
205738762
205799455
205738762
205822521
205848014
205848178
206091101
206091111
205738762
206102490
206102511
206173531
206174095
206139323
206186042
206190216
206190244
206178832
206178874
206209350
206235485
205168123
205119197
205465970
205479420
205701126
204778649
204778655
204862970
204862978
204863948
204863952
204975245
205120278
205136988
205137009
205840982
205847057
205786527
205056542
205058451
206235388
206223921
203616284
201213432
