196996481
196727180
198070645
198070973
198151037
197747129
198151194
197327999
197465469
197667057
198152363
198910067
198918109
197976360
198937649
199125962
199240866
199265687
199275040
197233112
197396424
197988397
198837537
198832300
197047858
194351097
197471347
197734847
197740611
197791623
197543911
197665143
198064028
198788059
198927868
198987533
195765453
191430603
197489210
197662422
197858121
197872010
197044667
197198286
197340923
197345457
197364483
197497259
197539532
197803316
199064555
199352618
199353469
197105361
197851771
196993159
197361695
198234291
198234351
198234336
198798705
198309656
198829234
199303014
198903603
199309659
197005887
197467561
197711984
198022489
198065217
198087819
198815991
195784508
194490208
198857007
198879098
195494638
195477647
195495186
197610501
197692757
198303612
198303636
196596341
199188929
197217176
197457896
197758438
197217220
197954252
197957231
197979815
198751307
197771074
199067418
195494627
195729673
197197749
197509753
197517170
191831426
196698041
185063282
197338711
197379713
197359230
197645965
198841944
194386338
198927481
198396145
198414143
198416883
198411211
198708533
195808885
198902121
198711274
199199749
199218692
196946196
197454987
198196373
198554494
198861825
199345806
196884317
196884317
197262088
197241623
197290808
197303788
197303800
197304279
197241623
197241623
197241623
197241623
197364799
197714737
197715521
197595965
198937571
199136922
199120329
198946724
198948227
198778022
199150304
199152826
199153004
199165961
199165977
199166247
199166257
199192211
199150304
199150304
197672707
197926115
197930550
197936803
198767561
199036850
199122510
199122722
199132065
191701083
197307850
188818940
195872195
195872206
197606734
197606742
197668196
197751006
197751041
197800923
195627141
195941774
198903159
198908530
197848217
197289526
163499571
