219737850
219946687
220592082
221068743
221196993
221390489
221545578
219931271
221389666
221602172
221825856
221826772
221847844
220043166
220099640
220111079
220312689
220331794
220690881
220548650
221081480
221857608
221989952
222010995
222076927
222115413
214192474
210858667
220891351
220847190
220849505
220904830
220220364
220485921
220886366
222016611
212936791
222016611
219490821
219986248
222039793
222040047
222040081
222040103
222382011
222382169
222382291
220855580
220802283
221433778
221860136
221865359
221894014
220582933
220582952
220583006
219823931
220655607
220655609
220655643
220675389
217281416
220619175
220804604
220804726
220804775
220718670
220686387
220686568
221004784
221016424
221033584
220658440
220658505
221050390
221761020
221384100
222158277
221826826
221826834
219738713
221380165
221445697
222314052
220142802
217721878
221548382
219760366
220080252
220448762
220451331
219665448
219665455
219708311
219708489
220462293
219748577
220463610
220491236
220479386
220479424
220460366
220512284
220509942
218124477
220532593
218432082
220477351
220523871
220523887
216448698
220569185
220464411
220464418
220521295
220728465
220883349
220860917
220860947
220846185
215485975
220887666
220887246
220617393
220555205
220562740
220562754
220908727
220908970
220902734
220867458
220921021
220928167
220928171
220923512
220488090
220952625
220944604
220961300
220961340
220947734
220904206
220925462
220925474
220477412
220981152
219250521
220970612
220970632
220999854
221024375
220975864
220732709
220732711
221012757
221012824
221241797
221241806
221073952
221236904
220983048
221233241
221233271
220892353
220892480
220941739
221253393
221251684
221289156
221285642
221285663
221247008
218608371
218608394
221334407
221104189
221104197
221355672
221402019
221402024
221013648
221243971
221243976
221351184
221374754
221344717
221344730
221327038
221639724
218059086
221658241
221657961
221657974
221630071
221663145
221668516
221676157
221701139
221677084
221715338
221720923
221708858
221774716
221673714
221741783
221270151
221270173
221780757
221805308
221789061
221789079
221803961
221877173
221977455
221989625
221829640
221829646
221989378
222001577
221775711
222002116
222002157
222007485
222007497
222002004
217961771
222023449
222062118
222024832
222076441
222003857
222101343
222141258
221879919
219859023
207708816
218853276
219597768
220778594
221828213
221685776
220770707
214723286
221934707
222377955
220465186
220472252
219810113
219810122
220928641
220940012
220942752
220965789
220975392
220975478
220978155
220978162
221837922
221837959
221840965
222115825
222122225
222122252
222123813
222123810
220317118
220085794
219333198
217651782
221011908
221016823
219570917
219848604
220348213
218991874
220350774
220387989
220750193
221784162
221770429
218213030
221992429
219968115
222353962
222354095
219565919
222012397
218313159
222254961
222257369
219688704
219973155
219998991
220182125
220206582
220211081
220524552
220959664
219858390
219945896
220224837
220525069
220735965
221133208
221926467
221863850
219680862
219613063
220450057
220464945
220923017
221303695
221594358
221710952
221717470
221727512
218507046
220523146
216444424
197064776
218918350
219721582
220520154
222002661
222005067
222011234
222022584
219934315
