224729191
226255903
226271394
226273129
226276279
226255768
226639126
226654766
226666085
226255748
226654624
226673064
226899905
226973951
225325877
225328309
226477624
226512398
226519676
226811002
225574056
224379862
226032065
224666511
224666528
223823091
225481465
225481467
225862696
225862698
225203578
224959893
225129373
219446583
225128054
225350466
225786881
226138275
223898069
224002137
224001779
224840747
225293214
225426601
225629264
173909176
225634013
225681326
225685477
225853656
225962679
226023106
226025373
226135156
226162513
226352709
226470083
226472973
226482793
226484287
226525217
226549826
226564134
226572595
226618083
226645041
226734818
225125694
224345558
224391747
226131865
226000623
226799290
223248802
223248816
226560912
226801668
226801936
226802384
226970059
226988043
221410683
224993506
225747243
211140239
211147513
225762535
224915052
226282468
224872388
224872489
227131774
227345051
225780345
227106493
176037529
224342948
224343015
225114344
224428767
224428748
224381060
224251198
224251214
225325220
225331680
224388977
224388849
224428676
224428683
225159820
225159842
225272412
225272650
225509359
225354305
225549037
225187677
225513445
225513457
225523720
225588738
225575207
225603068
225276496
225562831
217810615
217810624
225504693
225504696
225506893
225509024
225509027
225676466
225658230
225679036
225506913
225680372
224071785
225904629
225904638
225957506
225582212
225582233
225903695
226001165
225903718
225891531
225925462
225979364
226021698
225508096
226032280
226011045
226052519
226020972
226050491
226098099
226098065
225605436
225605546
226030278
226291829
218115864
226285112
226285123
226081145
226063431
226063640
226294810
226308627
226325268
226021008
226331815
226396384
226397180
226414017
226425176
226425169
226447818
226443723
226443626
226454175
226435109
226428538
226440858
226440906
226701665
226701676
226706604
226724388
226736971
226707639
226741904
226813852
226812212
226702029
226702243
226832274
225073281
222777791
225517394
217998751
225580011
225745774
225808381
226108220
226018194
226582092
226495838
226875297
226949093
226841320
227356671
224238450
224279219
225124552
225639063
226001656
226424725
226462830
226462845
226732010
227100202
175608437
225231496
225235508
225243438
176356723
226327205
225327793
226347056
223832116
226932969
227025824
227108405
227025824
227118162
227025824
227120863
227025824
227235435
226732195
226732957
226742994
226745508
179800379
225641947
214900468
224695345
222665859
223684363
222354360
225344336
211100063
226528821
223912894
225184688
225199392
225229465
225231523
217555821
225877655
224351504
224513492
225061986
225378355
225874246
227054328
225007320
178777271
225012646
225013038
226748153
225103541
225657165
225977399
222069071
225178706
217859405
226294055
