196859044
197181188
197525527
197549955
197855945
197892582
197900423
197903002
195430379
197522020
198134486
198134688
198278175
198289744
198641560
198754348
199162115
199173033
199326978
199330410
199353160
199357834
195810344
197600073
198743278
190912434
197130438
197140629
197376228
197457703
197471892
197538374
197583158
197689907
197713463
197811277
197826118
197849844
197126083
197126315
197858201
199004556
197811174
198148752
198545686
196917337
197213988
197265127
197265132
196964130
197304548
197304566
197343572
197249788
197361872
197316509
197316525
197324149
197354991
197600518
197633446
197642812
197667236
197663873
197671487
197672818
197687865
197577320
197660636
197924079
196995833
196996269
197346769
197347280
197939028
197931229
197962668
197964856
197943944
198006819
198532709
198583464
198527282
198643512
198043821
198070654
198093563
198780963
197697035
198785354
198027891
197926475
198657214
198965481
198822037
198762929
198877644
198749685
199122948
199137187
199104992
199161544
199172459
199196349
176299324
199131959
198910911
198910937
197144848
197797492
197325844
194141222
195615825
198114318
194829070
196650052
198044257
195477621
195494606
195493906
195495223
197007136
197233494
197326225
197673696
197674087
198523383
195675945
196831473
198464113
196226922
198735340
195078072
197963523
199110912
199155178
197587845
198873019
199372870
198513666
197391268
198548071
198550934
198552145
198773628
195907335
197683975
