191784185
193449531
193137722
186322727
185852074
191604001
193313395
193313376
193356189
193356201
194423774
194423783
185471044
192062903
192049041
192357558
192358096
191897874
191918492
191918526
192282662
193376314
193753456
193565244
192692636
192704619
192836841
192732535
191708918
191763580
193122674
193182464
193197944
193083180
193212007
193177765
193517556
193069438
193535469
193525587
193525625
193528562
193769721
193783837
193764719
193881653
193903595
194494524
194572196
191792715
191411295
191686246
191698254
191698279
192280104
192280121
192281575
192281578
191596201
192290888
192319832
192313093
192336535
192336540
192298588
192344129
191664894
192414423
192373370
192423294
192386560
192618969
192613203
192613227
192645316
192725053
192725578
192749471
192749484
192702285
192734880
192991350
193010534
193031870
192290712
193040976
192978652
193078371
193074990
193117452
193121542
193081579
193133102
193306333
192988001
193085974
193317420
193317684
193322391
193326766
193335253
193323742
193360606
193109388
193377610
193377615
194420777
194420791
194426158
194396472
194396458
194426950
193322697
194434048
194434045
194460220
194469867
194469871
194463549
194498236
193345770
194515025
192395185
190705770
192686494
191561095
192952013
193005705
192977570
193387483
193014795
193434745
193508357
193662356
193767317
193821457
193067938
192193434
194642803
187534675
194494225
184073576
194278842
194116384
175927776
193083712
193068916
193080199
189934344
191384511
192604168
192969999
193004144
191578739
193992095
193992250
186888116
189422804
192220168
192234052
192651324
192898112
193300157
193337078
193608836
191780280
190529257
192678909
193287985
193298541
193298701
193311170
193268183
193586854
192910432
193677753
193678508
194378450
194392461
194426969
191677090
192363515
192431158
187927454
191625842
189640868
193381687
194009602
194287208
194403720
194459233
191702306
192772588
