176912167
183487103
189898370
190407147
190406891
190410178
191783919
190212513
189056797
190703882
186322721
186322706
191588471
191588503
187385592
189782370
189914752
189922060
189977065
189982055
190269703
190270703
190820508
190815954
190873983
190874248
190862170
190879561
190897094
190877958
191883922
190924644
191930047
192030298
192031066
192032331
192036459
192039821
192054398
192057966
185748877
187176206
190983995
191591110
190349131
190350925
191890093
191607817
191607855
189537729
190286707
190312378
190343995
190384718
189533924
190648576
190648796
190651579
190678768
190728776
190728746
191118592
190973968
191442394
191761256
180935567
191255364
192171326
188528881
189983437
189625262
189241965
190200796
189594675
189594651
190315797
190315831
190314559
190314568
190245930
190276317
190531486
190531499
190525273
190525298
190533320
190535403
190535412
184199682
189545353
190599506
190285333
190617761
190567726
190567772
190630950
190629480
190549702
190549782
190663900
190750811
190695545
190873171
190614652
190899294
190905494
190911653
190900576
190911154
190637029
190920313
190900579
190654408
190964923
190956251
190975652
190893043
190893051
191016381
190698286
190698385
191029284
191029292
191081876
191053510
191053517
191256805
191253798
190953012
191260802
191273222
191273237
191273585
191273592
191275817
191275827
191304230
191312423
191037307
191339920
191339915
191361543
191381307
191361999
191361967
191556140
191561654
191561657
191350279
191581343
190989567
191614893
191646595
191693273
191693297
191692980
186514439
190250710
187115796
190323388
190748099
189794386
190758634
189523274
189552706
190957416
190971844
190960702
190738800
190851991
191331838
191344028
191332235
191384004
191396005
191587950
191754917
191661514
191619263
186449289
189967517
190019797
190022956
190318035
186104924
190983664
188283276
191483508
185989822
189933331
189933535
189288116
190495895
185852395
185852236
189445773
190028125
190241093
190174715
190241752
190558172
190939811
190940154
190941378
161022602
190992585
191108158
191320810
191315238
191412122
191511078
189878188
189931827
190148809
190843415
191103948
191463331
191465599
191473768
178777798
189476254
186234512
190132956
190543926
190565343
190865426
190866485
185294899
190947570
191656741
191662946
191447061
191432233
190539720
190882372
190880184
191622515
186677669
