210831117
214497429
214119107
214500046
214509568
214851769
215034489
215036598
214851840
215111453
215137458
215371058
215111320
215797867
215800519
216189133
215810096
216199330
216209215
216214923
216215021
216220209
216496792
216604791
216630840
216220191
216634526
216921134
216949214
216967928
216970075
216970109
216986867
216985681
216992368
217015771
217037391
217040565
214574081
214698656
215440666
215492336
215527876
215549164
215678973
210844753
214554892
214608732
214643264
210844747
215873501
213713034
214523606
215739713
215451208
216343107
216343119
215803062
216721604
216721619
216630778
214573814
214905049
214929271
204582516
215127238
217285219
217285360
217285434
217286588
217290485
214295862
216355032
216359941
206504262
214043113
214275307
214620621
214321615
214849080
214321601
215839626
215855494
215839674
215839682
214321561
205295690
215742936
215742170
216506511
216694741
216506981
215981206
215446671
217279298
214340631
214383016
214390280
216111951
216482529
216546086
214626837
214687980
216547947
216509642
216782815
216855662
216151368
216136624
217216192
215658633
213134282
215208117
215219308
215245689
216921848
216925048
213750204
216093255
214311860
214450610
213883098
213883585
214544833
214326159
214326183
214570670
214578382
214356048
214576643
213924178
213923941
214680502
214684434
214636409
214681169
214681651
214696036
213769028
214697321
214568065
214734951
214700329
214700363
215439803
215439811
214645244
214229010
215469122
215468568
215470560
215509809
215591616
215591722
215591247
215601730
215449900
215465280
215863283
215595899
215860163
215849422
215908417
215908564
215938044
215938591
215928165
215956252
215964874
215976788
215903173
215996164
215831681
216245235
216245330
216302284
216314481
216889686
216889875
216702327
217049744
217062868
216734335
217104212
217107843
217073171
217110521
217110531
217111573
217124756
217124866
216732304
217147487
217143059
217153200
216807119
217094560
216805203
216759982
217202648
217222785
217222825
217224137
217213142
217231823
217232280
217232424
217231023
214528872
214744061
214521617
215484107
214904481
215366827
215931391
214551426
214764996
216367278
216410593
211759179
216792045
214606831
217174939
216026175
211899426
214798918
214519839
215179016
216441817
195626074
216138979
216123577
214601723
214662058
215479416
215522336
215597661
215811202
215870292
216014303
216014973
216200125
216256762
216315228
216373885
216380539
213998887
214617069
214669180
214683574
214700714
215473257
216367772
216368802
216394457
215865197
215996946
215809250
215897807
216672823
216680765
216682309
213859456
