211465443
211630349
211793011
211795718
212280532
212487687
212493470
212502584
212751041
209240443
211380743
211666873
211676661
211666873
212008455
212048430
212051968
212056360
212079499
212102954
212403883
212017706
212060551
212121382
212124819
212124821
211043701
211584988
211636227
211916454
211917352
211917058
212020849
212079322
212079314
211738750
212122933
212432232
211427566
211386947
211367411
211367435
211647067
211679228
209810766
211414512
211414538
211302135
211302247
211750828
211825428
212041748
212065362
212042804
211766250
211766272
212067826
212075209
212060575
212065606
212064936
212068102
212065624
212167725
211767985
211768003
212135446
212102820
212185948
212193879
211130173
210877567
211342387
211369939
211417635
211759194
211808061
211841009
212062292
212105922
212147040
212162896
212173139
212168880
212202042
212464958
211610911
208951704
201744900
211111549
210944524
212643972
210473462
212648070
212681888
212686651
211429549
211429552
211692877
211692901
208513758
210983701
208918360
206114096
190993558
211479830
208784824
211257514
212684019
212712633
211328487
212113775
212322049
211653999
205230550
211756609
211507390
211575934
211583575
211629315
210688954
212039474
212052604
212058933
212061222
211997142
212062057
212311855
212635664
210956489
212377717
181279239
212111281
212124603
212149205
191368221
208963931
208612010
211475233
