230274820
230683736
231722093
231941135
232118007
230277332
231070431
231067344
231067350
231109306
232336581
232042991
231307769
208905070
229631517
229894901
229925238
230012108
230194604
230205437
230446566
230277356
232054751
230531221
230531415
230536560
230557317
227668513
230710960
230753089
230761570
230711668
230970712
230973867
231140940
231628086
231732204
231495231
231737937
231738439
230711767
228496827
229162843
229950916
229951767
229985674
229126337
228452173
228496554
230483634
230484545
230500000
230102773
230747538
230760684
230339465
230531378
230885080
230885294
230910879
230826710
231138848
231251338
231273123
226176532
229647974
231872288
229149569
229137661
229872030
229177145
229987718
206521417
230084727
230245535
230240816
229161946
230272138
229046032
230264609
230266230
230272311
230293770
230284791
230261112
230320051
230320607
229968214
230296671
228779863
230273132
229032829
230336981
230329305
230406356
230409690
230421494
230654737
230688796
230713475
230360034
230819602
230826804
225941574
230899085
230692416
230931154
230866071
230931894
230796204
231055723
230281804
231064049
231101260
231125990
231090068
231140327
231186146
231223844
231227960
231228534
231230547
231167111
231081972
231316569
231459914
231457589
231467213
231481476
231479384
231481826
231463477
231494454
231479161
231529539
231539216
231540118
230708143
231601249
231575799
231649200
232324901
232343401
229061815
221594037
230484862
230644331
230003735
230305971
230466797
230601393
230920985
231102759
231161195
230030919
231314915
231631982
230010427
231699377
231824764
231966513
231536854
232199394
231184722
231586782
230275172
230551603
229247967
229248068
231647861
232395869
232386413
160963811
221391036
231419883
231634556
231663781
229521072
231787280
231862123
230670260
230670268
219572371
229114226
232408409
230951174
232431192
229049214
230217675
228404432
229886078
230026724
230022061
230022232
230026955
230628249
230879894
231569628
222090438
229279412
230033523
230558783
229836854
229873943
229995376
229298433
230143890
230206217
230259646
231424158
231448050
230200995
230608080
230701942
231136922
230700717
231463488
231152815
231477378
231902526
231909504
231920044
231909880
231918240
230883226
229931964
