204684992
205426714
204970235
205590046
205778016
202258612
204804211
204804202
204815658
204815638
204881126
204881146
204893840
204893845
204898751
204898771
205182085
205182110
204076073
205774909
205774929
206060223
206060228
203943890
203943295
204200586
204893397
205146261
204980425
205244763
199689097
205249417
205538048
205541533
201973138
205795160
193477771
206220075
204357105
203019916
204394818
204605099
204605616
204745218
204525761
204885275
204885281
204636532
204928914
204911936
204911989
204965313
204965331
204988211
204891081
204743551
204994139
205011103
204964245
204973467
205084841
204974087
205095894
205051522
205216955
205446675
205029309
205029348
205470557
205487743
205448728
205511554
205702050
205711456
205030807
205030834
205718342
205752721
205803195
205823279
205107381
205834160
205854156
205864586
205864614
205720306
205855174
205815717
206121952
206107941
206174735
205917878
206181071
204214134
204510933
204940202
204942881
205126541
205129346
205145375
206314793
205198818
205691647
204386861
205128104
200603475
204156576
204750480
204825777
204838489
204841830
204843434
204855161
204937461
205102045
205121274
191294210
204526744
205476577
206045047
204769175
204493008
202538093
203137730
205062947
205183104
206181998
