190405643
192587673
192587731
195066764
195044326
195066982
195069327
195069483
195069955
195239878
195240432
195240737
195433804
195646489
195752461
195434609
196483841
196501825
196647856
196833133
196848830
194439491
194745367
195538912
195477579
195493842
195375151
195628077
195876136
193924772
193915212
195888914
195930177
195664629
195893394
196989822
197112292
193800165
194674559
195571040
194480692
195985817
193160932
195993881
194598335
194955933
195305915
196357582
196313625
196322203
196330087
196335392
196345192
196351845
194632262
194716697
194716700
194718619
194718622
194723222
194735665
194495889
194741377
194744054
194750205
194750628
194747807
194751598
194756125
194753907
194741918
194759194
194750458
194495905
194750275
194772050
194773567
194763616
194777260
194777341
194811820
194819476
194795997
194840536
194842970
194842985
194851302
194816749
194736216
194849845
194865881
194869091
194868798
194875612
194877664
194877748
194892290
194885738
194831481
195103234
195138014
195234073
195168345
195226286
195494987
195493509
195508952
195221741
195221748
195511433
195524036
195515048
195523984
195499024
195567547
195518269
195548571
195592435
195589189
195813306
195813339
195825575
195856722
195597048
195821391
195906181
195916481
195942389
195917177
195858699
196306343
196356338
196316458
195954057
196506352
196506603
196301804
195828404
196526291
195959649
195959665
196525006
196525036
196514484
196560194
196563370
196561794
196574378
196563367
196563416
196575663
195880305
195562637
195562670
196578735
196590870
196605141
196613569
196655660
196659430
196413625
196670991
196630737
196860568
196585187
190556360
196882743
196655391
196877547
196879681
196894486
196889775
196898874
196922734
196927461
196933531
196939681
196941790
196885274
196886105
196931210
196934078
196953468
196970780
197000959
197011777
196964423
196966310
197099818
197099860
194472049
195122996
195179659
195192338
195914107
195914277
195942351
196522593
183659246
194522617
194522543
193757669
196651316
195558805
194691915
194662991
195397786
193667755
193721297
195096260
196509713
196516895
196526671
196623527
196952741
196963859
188631446
196080014
194918303
194924667
193681889
195128524
195718747
196058078
196224163
196262072
194703335
194426673
194821054
195045416
195048472
195070233
192069815
192067671
195523284
195219607
196875898
189920744
196243946
189920749
194277818
196655168
196655205
194503584
194866265
194009479
195492579
192868411
194890511
