187063056
188616842
189338913
188468170
189848717
189120460
188536601
188564817
188564835
188564939
188588810
188986883
188986902
189196906
189196913
184542011
183614362
189529229
189222897
184065045
184065040
189552159
189552183
189529987
187062572
188208278
188247379
188247413
188261539
188261531
188474026
188474452
188515021
188489961
188552040
188552037
188555656
188555941
188607929
188561542
188561552
188879534
188813257
188845633
188910085
183942189
188950962
188922570
188795980
189123135
188834739
189093832
189144094
189150499
189129643
189162292
189193787
189185318
189185298
189190116
189302600
189226290
189326916
189508395
189233716
189469403
189561548
189569086
161016373
189203928
188424419
189469600
187131111
161497342
189771670
189761455
189786780
189802471
186023662
185808252
188457974
182252743
174368550
187163279
188570626
188570662
189186902
189233636
186442119
188246036
188259804
188308566
188326212
188335089
188341607
188361091
184756656
188473748
188474474
189059562
189064906
189316365
189322291
189384318
189388599
189450688
189629472
187672874
188728924
186070343
189209404
188114388
188114393
188117246
187706995
187706738
189636061
189637402
188193810
188507349
