213246405
213283141
212775673
212819700
212981839
213119007
213121546
213828222
213876334
213895687
214154777
213278779
211627333
213339165
213613058
213619691
213651192
213712892
213712896
212848358
212936531
213328866
213694969
212406602
212386503
212386514
212878212
212881926
213010428
213010434
213347211
213347227
213472148
213472213
213783660
213783679
213884876
209806963
212414800
212895130
212174766
212174893
213338619
213356589
213505137
213568563
213355731
214282785
213348513
213340293
213386776
213842952
211034921
211034910
212432361
212929815
212105541
212200964
212924050
212919287
212944202
212944213
212966960
212147531
212105050
212970018
212178902
212912876
212912884
213062100
213062268
213046369
213046389
212989478
212989495
213078605
213078777
213067871
212972674
213316565
212179298
213330648
213339375
213347422
213313294
213341407
212977503
213380857
213368455
213403193
213453833
213493609
213768360
213428443
213428641
213781513
213757470
213819241
213502008
213357169
213778090
213451878
213874709
213840908
213864002
213882605
212185776
213970039
213812756
213805242
211006544
213907885
213907890
209302979
214252821
213881020
213881030
214272353
214290842
214309441
214174064
214318614
214318531
214281405
214331820
213042519
211261487
213088991
213131453
213572685
213813648
213992101
211611273
212859633
212882724
212883183
212884103
212884109
212918291
211001483
213023347
213737210
214069043
211550878
212564856
213036173
213111248
211700675
213303844
211227978
213383833
213466286
195885816
212229506
213378223
202594476
212735333
213024258
213095296
213395720
213709849
213291399
213332465
213340504
211916976
211762944
213761789
213175599
213176631
213221828
213295614
213296797
214083243
214096104
212061604
212851320
212883798
212891195
212938555
213021502
213263103
213299417
214152997
213021766
213035222
213378144
213983876
210817251
213813684
