227037249
227495086
226899814
227775831
227825171
227825218
228025109
228030765
228191654
226899756
228025083
228214781
228875073
227447484
228404524
227149161
228783406
228831865
228397580
228916122
226370133
226370137
227493748
227493750
225153620
227845921
227906301
228177480
227532129
225484456
227469603
227469646
227924079
227946610
227885108
227885108
229005482
229053418
229402287
226817682
227005113
227692062
227748752
228050774
228461559
227668139
228719598
226830983
227586803
225764780
227710496
228002575
228002600
228042513
228049073
228112104
227951285
228111999
228454284
227951430
228737897
226831920
226838507
227351987
227557436
227551137
228032603
227551139
227557812
228535215
229400408
229400849
229268329
229407674
229407678
229413992
229413994
229414198
229414210
229408544
229631848
229644395
229631957
227595115
227589031
227589067
227605027
227605020
227611510
227611528
227595593
227650480
226306801
226306806
227535381
226837452
227544731
227603668
227603537
227605379
227584119
227584146
225957734
227627038
227627077
227870258
227870267
227927531
227939511
226847475
226847570
228000485
227979876
227979891
228075124
227957570
228238351
228238984
228224948
228251359
228251370
228297997
228241312
228305826
228295919
228317116
228317374
228314994
228344604
228235219
223858951
228364641
227977824
228305072
228357994
227969969
228402605
228333503
228333868
228252489
228382963
228383683
228639126
228325444
228640598
228654885
228640379
228640382
228445455
228445440
228722609
228665644
228759644
228767650
228724009
228724004
228764440
228806147
228806150
229020459
229021267
229029489
229060521
229087925
229097616
229048669
229111737
228796202
229097232
229114668
229114414
228812581
227394285
220656231
224389675
218095462
225973819
228324027
228160068
228362564
227771442
225544932
228144834
228793038
228411049
228447808
212885218
227473448
227882920
227885757
227983470
226733101
228089859
228071085
228787106
160963811
226455139
228162055
228970952
226455119
226093511
227094038
227542578
195364051
227569050
227593846
229107140
228755634
226755938
227848766
225925441
227849299
229036664
225126561
227073271
228345016
228371032
228407512
228634633
228649848
226400681
228285363
227936213
228354141
228508348
228199884
227050755
227528468
228979561
229417599
225266892
229586121
227903163
227932230
228318200
227266139
228239903
228587926
228965242
228966739
228971958
226802680
228249537
228647510
220578405
226964381
225804698
225804729
228170772
228170779
228176076
228176081
228533796
228170340
218725537
229587529
229587771
227765227
228529784
228554017
227461326
221432906
